function R1_both(){
var R1 = [
[  0.00000000,   0.00000000,   0.00000000,   0.00000000,   0.00000000,   0.00000000,   0.00000000,   0.00000000,   0.00000000],
[  1.00000000,   0.00000000,   0.00000072,  -0.00000000,   1.00000000,   0.00000000,  -0.00000072,  -0.00000000,   1.00000000],
[  1.00000000,   0.00000000,   0.00000212,  -0.00000000,   1.00000000,   0.00000000,  -0.00000212,  -0.00000000,   1.00000000],
[  1.00000000,  -0.00000000,   0.00000421,   0.00000000,   1.00000000,   0.00000000,  -0.00000421,  -0.00000000,   1.00000000],
[  1.00000000,  -0.00000000,   0.00000694,   0.00000000,   1.00000000,   0.00000000,  -0.00000694,  -0.00000000,   1.00000000],
[  1.00000000,  -0.00000000,   0.00001031,   0.00000000,   1.00000000,   0.00000000,  -0.00001031,  -0.00000000,   1.00000000],
[  1.00000000,  -0.00000000,   0.00001428,   0.00000000,   1.00000000,   0.00000000,  -0.00001428,  -0.00000000,   1.00000000],
[  1.00000000,   0.00000000,   0.00001885,  -0.00000000,   1.00000000,   0.00000000,  -0.00001885,  -0.00000000,   1.00000000],
[  1.00000000,   0.00000000,   0.00002398,  -0.00000000,   1.00000000,   0.00000000,  -0.00002398,  -0.00000000,   1.00000000],
[  1.00000000,   0.00000000,   0.00002965,  -0.00000000,   1.00000000,   0.00000000,  -0.00002965,  -0.00000000,   1.00000000],
[  1.00000000,   0.00000000,   0.00003585,  -0.00000000,   1.00000000,   0.00000000,  -0.00003585,  -0.00000000,   1.00000000],
[  1.00000000,   0.00000000,   0.00004255,  -0.00000000,   1.00000000,   0.00000000,  -0.00004255,  -0.00000000,   1.00000000],
[  1.00000000,   0.00000000,   0.00004974,  -0.00000000,   1.00000000,   0.00000000,  -0.00004974,  -0.00000000,   1.00000000],
[  1.00000000,   0.00000000,   0.00005738,  -0.00000000,   1.00000000,   0.00000000,  -0.00005738,  -0.00000000,   1.00000000],
[  1.00000000,   0.00000000,   0.00006546,  -0.00000000,   1.00000000,   0.00000000,  -0.00006546,  -0.00000000,   1.00000000],
[  1.00000000,   0.00000000,   0.00007395,  -0.00000000,   1.00000000,   0.00000000,  -0.00007395,  -0.00000000,   1.00000000],
[  1.00000000,   0.00000000,   0.00008284,  -0.00000000,   1.00000000,   0.00000000,  -0.00008284,  -0.00000000,   1.00000000],
[  1.00000000,   0.00000000,   0.00009210,  -0.00000000,   1.00000000,   0.00000000,  -0.00009210,  -0.00000000,   1.00000000],
[  0.99999999,   0.00000000,   0.00010171,  -0.00000000,   1.00000000,   0.00000000,  -0.00010171,  -0.00000000,   0.99999999],
[  0.99999999,   0.00000000,   0.00011165,  -0.00000000,   1.00000000,   0.00000000,  -0.00011165,  -0.00000000,   0.99999999],
[  0.99999999,   0.00000000,   0.00012189,  -0.00000000,   1.00000000,   0.00000000,  -0.00012189,  -0.00000000,   0.99999999],
[  0.99999999,   0.00000000,   0.00013242,  -0.00000000,   1.00000000,   0.00000000,  -0.00013242,  -0.00000000,   0.99999999],
[  0.99999999,   0.00000000,   0.00014321,  -0.00000000,   1.00000000,   0.00000000,  -0.00014321,  -0.00000000,   0.99999999],
[  0.99999999,   0.00000000,   0.00015424,  -0.00000000,   1.00000000,   0.00000000,  -0.00015424,  -0.00000000,   0.99999999],
[  0.99999999,   0.00000000,   0.00016549,  -0.00000000,   1.00000000,   0.00000000,  -0.00016549,  -0.00000000,   0.99999999],
[  0.99999998,   0.00000000,   0.00017693,  -0.00000000,   1.00000000,   0.00000000,  -0.00017693,  -0.00000000,   0.99999998],
[  0.99999998,   0.00000000,   0.00018855,  -0.00000000,   1.00000000,   0.00000000,  -0.00018855,  -0.00000000,   0.99999998],
[  0.99999998,   0.00000000,   0.00020032,  -0.00000000,   1.00000000,   0.00000000,  -0.00020032,  -0.00000000,   0.99999998],
[  0.99999998,   0.00000000,   0.00021222,  -0.00000000,   1.00000000,   0.00000000,  -0.00021222,  -0.00000000,   0.99999998],
[  0.99999997,   0.00000000,   0.00022422,  -0.00000000,   1.00000000,   0.00000000,  -0.00022422,  -0.00000000,   0.99999997],
[  0.99999997,   0.00000000,   0.00023631,  -0.00000000,   1.00000000,   0.00000000,  -0.00023631,  -0.00000000,   0.99999997],
[  0.99999997,   0.00000000,   0.00024847,  -0.00000000,   1.00000000,   0.00000000,  -0.00024847,  -0.00000000,   0.99999997],
[  0.99999997,   0.00000000,   0.00026066,  -0.00000000,   1.00000000,   0.00000000,  -0.00026066,  -0.00000000,   0.99999997],
[  0.99999996,   0.00000000,   0.00027288,  -0.00000000,   1.00000000,   0.00000000,  -0.00027288,  -0.00000000,   0.99999996],
[  0.99999996,   0.00000000,   0.00028509,  -0.00000000,   1.00000000,   0.00000000,  -0.00028509,  -0.00000000,   0.99999996],
[  0.99999996,   0.00000000,   0.00029727,  -0.00000000,   1.00000000,   0.00000000,  -0.00029727,  -0.00000000,   0.99999996],
[  0.99999995,   0.00000000,   0.00030940,  -0.00000000,   1.00000000,   0.00000000,  -0.00030940,  -0.00000000,   0.99999995],
[  0.99999995,   0.00000000,   0.00032147,  -0.00000000,   1.00000000,   0.00000000,  -0.00032147,  -0.00000000,   0.99999995],
[  0.99999994,   0.00000000,   0.00033344,  -0.00000000,   1.00000000,   0.00000000,  -0.00033344,  -0.00000000,   0.99999994],
[  0.99999994,   0.00000000,   0.00034530,  -0.00000000,   1.00000000,   0.00000000,  -0.00034530,  -0.00000000,   0.99999994],
[  0.99999994,   0.00000000,   0.00035702,  -0.00000000,   1.00000000,   0.00000000,  -0.00035702,  -0.00000000,   0.99999994],
[  0.99999993,   0.00000000,   0.00036858,  -0.00000000,   1.00000000,   0.00000000,  -0.00036858,  -0.00000000,   0.99999993],
[  0.99999993,   0.00000000,   0.00037996,  -0.00000000,   1.00000000,   0.00000000,  -0.00037996,  -0.00000000,   0.99999993],
[  0.99999992,   0.00000000,   0.00039114,  -0.00000000,   1.00000000,   0.00000000,  -0.00039114,  -0.00000000,   0.99999992],
[  0.99999992,   0.00000000,   0.00040209,  -0.00000000,   1.00000000,   0.00000000,  -0.00040209,  -0.00000000,   0.99999992],
[  0.99999991,   0.00000000,   0.00041280,  -0.00000000,   1.00000000,   0.00000000,  -0.00041280,  -0.00000000,   0.99999991],
[  0.99999991,   0.00000000,   0.00042323,  -0.00000000,   1.00000000,   0.00000000,  -0.00042323,  -0.00000000,   0.99999991],
[  0.99999991,   0.00000000,   0.00043337,  -0.00000000,   1.00000000,   0.00000000,  -0.00043337,  -0.00000000,   0.99999991],
[  0.99999990,   0.00000000,   0.00044321,  -0.00000000,   1.00000000,   0.00000000,  -0.00044321,  -0.00000000,   0.99999990],
[  0.99999990,   0.00000000,   0.00045270,  -0.00000000,   1.00000000,   0.00000000,  -0.00045270,  -0.00000000,   0.99999990],
[  0.99999989,   0.00000000,   0.00046184,  -0.00000000,   1.00000000,   0.00000000,  -0.00046184,  -0.00000000,   0.99999989],
[  0.99999989,   0.00000000,   0.00047060,  -0.00000000,   1.00000000,   0.00000000,  -0.00047060,  -0.00000000,   0.99999989],
[  0.99999989,   0.00000000,   0.00047896,  -0.00000000,   1.00000000,   0.00000000,  -0.00047896,  -0.00000000,   0.99999989],
[  0.99999988,   0.00000000,   0.00048689,  -0.00000000,   1.00000000,   0.00000000,  -0.00048689,  -0.00000000,   0.99999988],
[  0.99999988,   0.00000000,   0.00049438,  -0.00000000,   1.00000000,   0.00000000,  -0.00049438,  -0.00000000,   0.99999988],
[  0.99999987,   0.00000000,   0.00050141,  -0.00000000,   1.00000000,   0.00000000,  -0.00050141,  -0.00000000,   0.99999987],
[  0.99999987,   0.00000000,   0.00050795,  -0.00000000,   1.00000000,   0.00000000,  -0.00050795,  -0.00000000,   0.99999987],
[  0.99999987,   0.00000000,   0.00051398,  -0.00000000,   1.00000000,   0.00000000,  -0.00051398,  -0.00000000,   0.99999987],
[  0.99999987,   0.00000000,   0.00051948,  -0.00000000,   1.00000000,   0.00000000,  -0.00051948,  -0.00000000,   0.99999987],
[  0.99999986,   0.00000000,   0.00052442,  -0.00000000,   1.00000000,   0.00000000,  -0.00052442,  -0.00000000,   0.99999986],
[  0.99999986,   0.00000000,   0.00052880,  -0.00000000,   1.00000000,   0.00000000,  -0.00052880,  -0.00000000,   0.99999986],
[  0.99999986,   0.00000000,   0.00053257,  -0.00000000,   1.00000000,   0.00000000,  -0.00053257,  -0.00000000,   0.99999986],
[  0.99999986,   0.00000000,   0.00053574,  -0.00000000,   1.00000000,   0.00000000,  -0.00053574,  -0.00000000,   0.99999986],
[  0.99999986,   0.00000000,   0.00053826,  -0.00000000,   1.00000000,   0.00000000,  -0.00053826,  -0.00000000,   0.99999986],
[  0.99999985,   0.00000000,   0.00054013,  -0.00000000,   1.00000000,   0.00000000,  -0.00054013,  -0.00000000,   0.99999985],
[  0.99999985,   0.00000000,   0.00054132,  -0.00000000,   1.00000000,   0.00000000,  -0.00054132,  -0.00000000,   0.99999985],
[  0.99999985,   0.00000000,   0.00054181,  -0.00000000,   1.00000000,   0.00000000,  -0.00054181,  -0.00000000,   0.99999985],
[  0.99999985,   0.00000000,   0.00054158,  -0.00000000,   1.00000000,   0.00000000,  -0.00054158,  -0.00000000,   0.99999985],
[  0.99999985,   0.00000000,   0.00054060,  -0.00000000,   1.00000000,   0.00000000,  -0.00054060,  -0.00000000,   0.99999985],
[  0.99999985,   0.00000000,   0.00053886,  -0.00000000,   1.00000000,   0.00000000,  -0.00053886,  -0.00000000,   0.99999985],
[  0.99999986,   0.00000000,   0.00053635,  -0.00000000,   1.00000000,   0.00000000,  -0.00053635,  -0.00000000,   0.99999986],
[  0.99999986,   0.00000000,   0.00053302,  -0.00000000,   1.00000000,   0.00000000,  -0.00053302,  -0.00000000,   0.99999986],
[  0.99999986,   0.00000000,   0.00052888,  -0.00000000,   1.00000000,   0.00000000,  -0.00052888,  -0.00000000,   0.99999986],
[  0.99999986,   0.00000000,   0.00052389,  -0.00000000,   1.00000000,   0.00000000,  -0.00052389,  -0.00000000,   0.99999986],
[  0.99999987,   0.00000000,   0.00051803,  -0.00000000,   1.00000000,   0.00000000,  -0.00051803,  -0.00000000,   0.99999987],
[  0.99999987,   0.00000000,   0.00051129,  -0.00000000,   1.00000000,   0.00000000,  -0.00051129,  -0.00000000,   0.99999987],
[  0.99999987,   0.00000000,   0.00050365,  -0.00000000,   1.00000000,   0.00000000,  -0.00050365,  -0.00000000,   0.99999987],
[  0.99999988,   0.00000000,   0.00049508,  -0.00000000,   1.00000000,   0.00000000,  -0.00049508,  -0.00000000,   0.99999988],
[  0.99999988,   0.00000000,   0.00048557,  -0.00000000,   1.00000000,   0.00000000,  -0.00048557,  -0.00000000,   0.99999988],
[  0.99999989,   0.00000000,   0.00047509,  -0.00000000,   1.00000000,   0.00000000,  -0.00047509,  -0.00000000,   0.99999989],
[  0.99999989,   0.00000000,   0.00046363,  -0.00000000,   1.00000000,   0.00000000,  -0.00046363,  -0.00000000,   0.99999989],
[  0.99999990,   0.00000000,   0.00045117,  -0.00000000,   1.00000000,   0.00000000,  -0.00045117,  -0.00000000,   0.99999990],
[  0.99999990,   0.00000000,   0.00043768,  -0.00000000,   1.00000000,   0.00000000,  -0.00043768,  -0.00000000,   0.99999990],
[  0.99999991,   0.00000000,   0.00042316,  -0.00000000,   1.00000000,   0.00000000,  -0.00042316,  -0.00000000,   0.99999991],
[  0.99999992,   0.00000000,   0.00040757,  -0.00000000,   1.00000000,   0.00000000,  -0.00040757,  -0.00000000,   0.99999992],
[  0.99999992,   0.00000000,   0.00039091,  -0.00000000,   1.00000000,   0.00000000,  -0.00039091,  -0.00000000,   0.99999992],
[  0.99999993,   0.00000000,   0.00037314,  -0.00000000,   1.00000000,   0.00000000,  -0.00037314,  -0.00000000,   0.99999993],
[  0.99999994,   0.00000000,   0.00035426,  -0.00000000,   1.00000000,   0.00000000,  -0.00035426,  -0.00000000,   0.99999994],
[  0.99999994,   0.00000000,   0.00033424,  -0.00000000,   1.00000000,   0.00000000,  -0.00033424,  -0.00000000,   0.99999994],
[  0.99999995,   0.00000000,   0.00031307,  -0.00000000,   1.00000000,   0.00000000,  -0.00031307,  -0.00000000,   0.99999995],
[  0.99999996,   0.00000000,   0.00029073,  -0.00000000,   1.00000000,   0.00000000,  -0.00029073,  -0.00000000,   0.99999996],
[  0.99999996,   0.00000000,   0.00026720,  -0.00000000,   1.00000000,   0.00000000,  -0.00026720,  -0.00000000,   0.99999996],
[  0.99999997,   0.00000000,   0.00024246,  -0.00000000,   1.00000000,   0.00000000,  -0.00024246,  -0.00000000,   0.99999997],
[  0.99999998,   0.00000000,   0.00021649,  -0.00000000,   1.00000000,   0.00000000,  -0.00021649,  -0.00000000,   0.99999998],
[  0.99999998,   0.00000000,   0.00018928,  -0.00000000,   1.00000000,   0.00000000,  -0.00018928,  -0.00000000,   0.99999998],
[  0.99999999,   0.00000000,   0.00016081,  -0.00000000,   1.00000000,   0.00000000,  -0.00016081,  -0.00000000,   0.99999999],
[  0.99999999,   0.00000000,   0.00013106,  -0.00000000,   1.00000000,   0.00000000,  -0.00013106,  -0.00000000,   0.99999999],
[  0.99999999,   0.00000000,   0.00010001,  -0.00000000,   1.00000000,   0.00000000,  -0.00010001,  -0.00000000,   0.99999999],
[  1.00000000,   0.00000000,   0.00006765,  -0.00000000,   1.00000000,   0.00000000,  -0.00006765,  -0.00000000,   1.00000000],
[  1.00000000,   0.00000000,   0.00003396,  -0.00000000,   1.00000000,   0.00000000,  -0.00003396,  -0.00000000,   1.00000000],
[  1.00000000,   0.00000000,  -0.00000108,  -0.00000000,   1.00000000,   0.00000000,   0.00000108,  -0.00000000,   1.00000000],
[  1.00000000,   0.00000000,  -0.00003748,  -0.00000000,   1.00000000,   0.00000000,   0.00003748,  -0.00000000,   1.00000000],
[  1.00000000,   0.00000000,  -0.00007526,  -0.00000000,   1.00000000,   0.00000000,   0.00007526,  -0.00000000,   1.00000000],
[  0.99999999,   0.00000000,  -0.00011444,  -0.00000000,   1.00000000,   0.00000000,   0.00011444,  -0.00000000,   0.99999999],
[  0.99999999,   0.00000000,  -0.00015503,  -0.00000000,   1.00000000,   0.00000000,   0.00015503,  -0.00000000,   0.99999999],
[  0.99999998,   0.00000000,  -0.00019705,  -0.00000000,   1.00000000,   0.00000000,   0.00019705,  -0.00000000,   0.99999998],
[  0.99999997,   0.00000000,  -0.00024051,  -0.00000000,   1.00000000,   0.00000000,   0.00024051,  -0.00000000,   0.99999997],
[  0.99999996,   0.00000000,  -0.00028543,  -0.00000000,   1.00000000,   0.00000000,   0.00028543,  -0.00000000,   0.99999996],
[  0.99999994,   0.00000000,  -0.00033183,  -0.00000000,   1.00000000,   0.00000000,   0.00033183,  -0.00000000,   0.99999994],
[  0.99999993,   0.00000000,  -0.00037972,  -0.00000000,   1.00000000,   0.00000000,   0.00037972,  -0.00000000,   0.99999993],
[  0.99999991,   0.00000000,  -0.00042911,  -0.00000000,   1.00000000,   0.00000000,   0.00042911,  -0.00000000,   0.99999991],
[  0.99999988,   0.00000000,  -0.00048003,  -0.00000000,   1.00000000,   0.00000000,   0.00048003,  -0.00000000,   0.99999988],
[  0.99999986,   0.00000000,  -0.00053247,  -0.00000000,   1.00000000,   0.00000000,   0.00053247,  -0.00000000,   0.99999986],
[  0.99999983,   0.00000000,  -0.00058647,  -0.00000000,   1.00000000,   0.00000000,   0.00058647,  -0.00000000,   0.99999983],
[  0.99999979,   0.00000000,  -0.00064204,  -0.00000000,   1.00000000,   0.00000000,   0.00064204,  -0.00000000,   0.99999979],
[  0.99999976,   0.00000000,  -0.00069918,  -0.00000000,   1.00000000,   0.00000000,   0.00069918,  -0.00000000,   0.99999976],
[  0.99999971,   0.00000000,  -0.00075791,  -0.00000000,   1.00000000,   0.00000000,   0.00075791,  -0.00000000,   0.99999971],
[  0.99999967,   0.00000000,  -0.00081825,  -0.00000000,   1.00000000,   0.00000000,   0.00081825,  -0.00000000,   0.99999967],
[  0.99999961,   0.00000000,  -0.00088020,  -0.00000000,   1.00000000,   0.00000000,   0.00088020,  -0.00000000,   0.99999961],
[  0.99999955,   0.00000000,  -0.00094379,  -0.00000000,   1.00000000,   0.00000000,   0.00094379,  -0.00000000,   0.99999955],
[  0.99999949,   0.00000000,  -0.00100903,  -0.00000000,   1.00000000,   0.00000000,   0.00100903,  -0.00000000,   0.99999949],
[  0.99999942,   0.00000000,  -0.00107593,  -0.00000000,   1.00000000,   0.00000000,   0.00107593,  -0.00000000,   0.99999942],
[  0.99999935,   0.00000000,  -0.00114449,  -0.00000000,   1.00000000,   0.00000000,   0.00114449,  -0.00000000,   0.99999935],
[  0.99999926,   0.00000000,  -0.00121474,  -0.00000000,   1.00000000,   0.00000000,   0.00121474,  -0.00000000,   0.99999926],
[  0.99999917,   0.00000000,  -0.00128669,  -0.00000000,   1.00000000,   0.00000000,   0.00128669,  -0.00000000,   0.99999917],
[  0.99999907,   0.00000000,  -0.00136034,  -0.00000000,   1.00000000,   0.00000000,   0.00136034,  -0.00000000,   0.99999907],
[  0.99999897,   0.00000000,  -0.00143572,  -0.00000000,   1.00000000,   0.00000000,   0.00143572,  -0.00000000,   0.99999897],
[  0.99999886,   0.00000000,  -0.00151283,  -0.00000000,   1.00000000,   0.00000000,   0.00151283,  -0.00000000,   0.99999886],
[  0.99999873,   0.00000000,  -0.00159168,  -0.00000000,   1.00000000,   0.00000000,   0.00159168,  -0.00000000,   0.99999873],
[  0.99999860,   0.00000000,  -0.00167229,  -0.00000000,   1.00000000,   0.00000000,   0.00167229,  -0.00000000,   0.99999860],
[  0.99999846,   0.00000000,  -0.00175466,  -0.00000000,   1.00000000,   0.00000000,   0.00175466,  -0.00000000,   0.99999846],
[  0.99999831,   0.00000000,  -0.00183881,  -0.00000000,   1.00000000,   0.00000000,   0.00183881,  -0.00000000,   0.99999831],
[  0.99999815,   0.00000000,  -0.00192475,  -0.00000000,   1.00000000,   0.00000000,   0.00192475,  -0.00000000,   0.99999815],
[  0.99999797,   0.00000000,  -0.00201249,  -0.00000000,   1.00000000,   0.00000000,   0.00201249,  -0.00000000,   0.99999797],
[  0.99999779,   0.00000000,  -0.00210203,  -0.00000000,   1.00000000,   0.00000000,   0.00210203,  -0.00000000,   0.99999779],
[  0.99999759,   0.00000000,  -0.00219339,  -0.00000000,   1.00000000,   0.00000000,   0.00219339,  -0.00000000,   0.99999759],
[  0.99999739,   0.00000000,  -0.00228659,  -0.00000000,   1.00000000,   0.00000000,   0.00228659,  -0.00000000,   0.99999739],
[  0.99999716,   0.00000000,  -0.00238161,  -0.00000000,   1.00000000,   0.00000000,   0.00238161,  -0.00000000,   0.99999716],
[  0.99999693,   0.00000000,  -0.00247849,  -0.00000000,   1.00000000,   0.00000000,   0.00247849,  -0.00000000,   0.99999693],
[  0.99999668,   0.00000000,  -0.00257722,  -0.00000000,   1.00000000,   0.00000000,   0.00257722,  -0.00000000,   0.99999668],
[  0.99999641,   0.00000000,  -0.00267782,  -0.00000000,   1.00000000,   0.00000000,   0.00267782,  -0.00000000,   0.99999641],
[  0.99999613,   0.00000000,  -0.00278030,  -0.00000000,   1.00000000,   0.00000000,   0.00278030,  -0.00000000,   0.99999613],
[  0.99999584,   0.00000000,  -0.00288465,  -0.00000000,   1.00000000,   0.00000000,   0.00288465,  -0.00000000,   0.99999584],
[  0.99999553,   0.00000000,  -0.00299090,  -0.00000000,   1.00000000,   0.00000000,   0.00299090,  -0.00000000,   0.99999553],
[  0.99999520,   0.00000000,  -0.00309904,  -0.00000000,   1.00000000,   0.00000000,   0.00309904,  -0.00000000,   0.99999520],
[  0.99999485,   0.00000000,  -0.00320909,  -0.00000000,   1.00000000,   0.00000000,   0.00320909,  -0.00000000,   0.99999485],
[  0.99999449,   0.00000000,  -0.00332106,  -0.00000000,   1.00000000,   0.00000000,   0.00332106,  -0.00000000,   0.99999449],
[  0.99999410,   0.00000000,  -0.00343495,  -0.00000000,   1.00000000,   0.00000000,   0.00343495,  -0.00000000,   0.99999410],
[  0.99999370,   0.00000000,  -0.00355076,  -0.00000000,   1.00000000,   0.00000000,   0.00355076,  -0.00000000,   0.99999370],
[  0.99999327,   0.00000000,  -0.00366851,  -0.00000000,   1.00000000,   0.00000000,   0.00366851,  -0.00000000,   0.99999327],
[  0.99999282,   0.00000000,  -0.00378821,  -0.00000000,   1.00000000,   0.00000000,   0.00378821,  -0.00000000,   0.99999282],
[  0.99999236,   0.00000000,  -0.00390985,  -0.00000000,   1.00000000,   0.00000000,   0.00390985,  -0.00000000,   0.99999236],
[  0.99999187,   0.00000000,  -0.00403345,  -0.00000000,   1.00000000,   0.00000000,   0.00403345,  -0.00000000,   0.99999187],
[  0.99999135,   0.00000000,  -0.00415901,  -0.00000000,   1.00000000,   0.00000000,   0.00415901,  -0.00000000,   0.99999135],
[  0.99999081,   0.00000000,  -0.00428654,  -0.00000000,   1.00000000,   0.00000000,   0.00428654,  -0.00000000,   0.99999081],
[  0.99999025,   0.00000000,  -0.00441603,  -0.00000000,   1.00000000,   0.00000000,   0.00441603,  -0.00000000,   0.99999025],
[  0.99998966,   0.00000000,  -0.00454751,  -0.00000000,   1.00000000,   0.00000000,   0.00454751,  -0.00000000,   0.99998966],
[  0.99998904,   0.00000000,  -0.00468097,  -0.00000000,   1.00000000,   0.00000000,   0.00468097,  -0.00000000,   0.99998904],
[  0.99998840,   0.00000000,  -0.00481642,  -0.00000000,   1.00000000,   0.00000000,   0.00481642,  -0.00000000,   0.99998840],
[  0.99998773,   0.00000000,  -0.00495386,  -0.00000000,   1.00000000,   0.00000000,   0.00495386,  -0.00000000,   0.99998773],
[  0.99998703,   0.00000000,  -0.00509329,  -0.00000000,   1.00000000,   0.00000000,   0.00509329,  -0.00000000,   0.99998703],
[  0.99998630,   0.00000000,  -0.00523473,  -0.00000000,   1.00000000,   0.00000000,   0.00523473,  -0.00000000,   0.99998630],
[  0.99998554,   0.00000000,  -0.00537817,  -0.00000000,   1.00000000,   0.00000000,   0.00537817,  -0.00000000,   0.99998554],
[  0.99998474,   0.00000000,  -0.00552362,  -0.00000000,   1.00000000,   0.00000000,   0.00552362,  -0.00000000,   0.99998474],
[  0.99998392,   0.00000000,  -0.00567109,  -0.00000000,   1.00000000,   0.00000000,   0.00567109,  -0.00000000,   0.99998392],
[  0.99998306,   0.00000000,  -0.00582056,  -0.00000000,   1.00000000,   0.00000000,   0.00582056,  -0.00000000,   0.99998306],
[  0.99998217,   0.00000000,  -0.00597206,  -0.00000000,   1.00000000,   0.00000000,   0.00597206,  -0.00000000,   0.99998217],
[  0.99998124,   0.00000000,  -0.00612558,  -0.00000000,   1.00000000,   0.00000000,   0.00612558,  -0.00000000,   0.99998124],
[  0.99998027,   0.00000000,  -0.00628112,  -0.00000000,   1.00000000,   0.00000000,   0.00628112,  -0.00000000,   0.99998027],
[  0.99997927,   0.00000000,  -0.00643869,  -0.00000000,   1.00000000,   0.00000000,   0.00643869,  -0.00000000,   0.99997927],
[  0.99997823,   0.00000000,  -0.00659829,  -0.00000000,   1.00000000,   0.00000000,   0.00659829,  -0.00000000,   0.99997823],
[  0.99997715,   0.00000000,  -0.00675992,  -0.00000000,   1.00000000,   0.00000000,   0.00675992,  -0.00000000,   0.99997715],
[  0.99997603,   0.00000000,  -0.00692358,  -0.00000000,   1.00000000,   0.00000000,   0.00692358,  -0.00000000,   0.99997603],
[  0.99997487,   0.00000000,  -0.00708928,  -0.00000000,   1.00000000,   0.00000000,   0.00708928,  -0.00000000,   0.99997487],
[  0.99997367,   0.00000000,  -0.00725701,  -0.00000000,   1.00000000,   0.00000000,   0.00725701,  -0.00000000,   0.99997367],
[  0.99997242,   0.00000000,  -0.00742678,  -0.00000000,   1.00000000,   0.00000000,   0.00742678,  -0.00000000,   0.99997242],
[  0.99997113,   0.00000000,  -0.00759858,  -0.00000000,   1.00000000,   0.00000000,   0.00759858,  -0.00000000,   0.99997113],
[  0.99996979,   0.00000000,  -0.00777243,  -0.00000000,   1.00000000,   0.00000000,   0.00777243,  -0.00000000,   0.99996979],
[  0.99996841,   0.00000000,  -0.00794831,  -0.00000000,   1.00000000,   0.00000000,   0.00794831,  -0.00000000,   0.99996841],
[  0.99996698,   0.00000000,  -0.00812623,  -0.00000000,   1.00000000,   0.00000000,   0.00812623,  -0.00000000,   0.99996698],
[  0.99996550,   0.00000000,  -0.00830619,  -0.00000000,   1.00000000,   0.00000000,   0.00830619,  -0.00000000,   0.99996550],
[  0.99996397,   0.00000000,  -0.00848818,  -0.00000000,   1.00000000,   0.00000000,   0.00848818,  -0.00000000,   0.99996397],
[  0.99996240,   0.00000000,  -0.00867222,  -0.00000000,   1.00000000,   0.00000000,   0.00867222,  -0.00000000,   0.99996240],
[  0.99996076,   0.00000000,  -0.00885829,  -0.00000000,   1.00000000,   0.00000000,   0.00885829,  -0.00000000,   0.99996076],
[  0.99995908,   0.00000000,  -0.00904640,  -0.00000000,   1.00000000,   0.00000000,   0.00904640,  -0.00000000,   0.99995908],
[  0.99995734,   0.00000000,  -0.00923655,  -0.00000000,   1.00000000,   0.00000000,   0.00923655,  -0.00000000,   0.99995734],
[  0.99995555,   0.00000000,  -0.00942873,  -0.00000000,   1.00000000,   0.00000000,   0.00942873,  -0.00000000,   0.99995555],
[  0.99995370,   0.00000000,  -0.00962294,  -0.00000000,   1.00000000,   0.00000000,   0.00962294,  -0.00000000,   0.99995370],
[  0.99995179,   0.00000000,  -0.00981919,  -0.00000000,   1.00000000,   0.00000000,   0.00981919,  -0.00000000,   0.99995179],
[  0.99994982,   0.00000000,  -0.01001747,  -0.00000000,   1.00000000,   0.00000000,   0.01001747,  -0.00000000,   0.99994982],
[  0.99994780,   0.00000000,  -0.01021777,  -0.00000000,   1.00000000,   0.00000000,   0.01021777,  -0.00000000,   0.99994780],
[  0.99994571,   0.00000000,  -0.01042010,  -0.00000000,   1.00000000,   0.00000000,   0.01042010,  -0.00000000,   0.99994571],
[  0.99994356,   0.00000000,  -0.01062445,  -0.00000000,   1.00000000,   0.00000000,   0.01062445,  -0.00000000,   0.99994356],
[  0.99994134,   0.00000000,  -0.01083082,  -0.00000000,   1.00000000,   0.00000000,   0.01083082,  -0.00000000,   0.99994134],
[  0.99993907,   0.00000000,  -0.01103921,  -0.00000000,   1.00000000,   0.00000000,   0.01103921,  -0.00000000,   0.99993907],
[  0.99993672,   0.00000000,  -0.01124962,  -0.00000000,   1.00000000,   0.00000000,   0.01124962,  -0.00000000,   0.99993672],
[  0.99993431,   0.00000000,  -0.01146203,  -0.00000000,   1.00000000,   0.00000000,   0.01146203,  -0.00000000,   0.99993431],
[  0.99993183,   0.00000000,  -0.01167646,  -0.00000000,   1.00000000,   0.00000000,   0.01167646,  -0.00000000,   0.99993183],
[  0.99992928,   0.00000000,  -0.01189289,  -0.00000000,   1.00000000,   0.00000000,   0.01189289,  -0.00000000,   0.99992928],
[  0.99992666,   0.00000000,  -0.01211132,  -0.00000000,   1.00000000,   0.00000000,   0.01211132,  -0.00000000,   0.99992666],
[  0.99992396,   0.00000000,  -0.01233175,  -0.00000000,   1.00000000,   0.00000000,   0.01233175,  -0.00000000,   0.99992396],
[  0.99992119,   0.00000000,  -0.01255417,  -0.00000000,   1.00000000,   0.00000000,   0.01255417,  -0.00000000,   0.99992119],
[  0.99991835,   0.00000000,  -0.01277858,  -0.00000000,   1.00000000,   0.00000000,   0.01277858,  -0.00000000,   0.99991835],
[  0.99991543,   0.00000000,  -0.01300497,  -0.00000000,   1.00000000,   0.00000000,   0.01300497,  -0.00000000,   0.99991543],
[  0.99991244,   0.00000000,  -0.01323335,  -0.00000000,   1.00000000,   0.00000000,   0.01323335,  -0.00000000,   0.99991244],
[  0.99990936,   0.00000000,  -0.01346370,  -0.00000000,   1.00000000,   0.00000000,   0.01346370,  -0.00000000,   0.99990936],
[  0.99990621,   0.00000000,  -0.01369602,  -0.00000000,   1.00000000,   0.00000000,   0.01369602,  -0.00000000,   0.99990621],
[  0.99990297,   0.00000000,  -0.01393030,  -0.00000000,   1.00000000,   0.00000000,   0.01393030,  -0.00000000,   0.99990297],
[  0.99989965,   0.00000000,  -0.01416655,  -0.00000000,   1.00000000,   0.00000000,   0.01416655,  -0.00000000,   0.99989965],
[  0.99989625,   0.00000000,  -0.01440475,  -0.00000000,   1.00000000,   0.00000000,   0.01440475,  -0.00000000,   0.99989625],
[  0.99989276,   0.00000000,  -0.01464490,  -0.00000000,   1.00000000,   0.00000000,   0.01464490,  -0.00000000,   0.99989276],
[  0.99988918,   0.00000000,  -0.01488699,  -0.00000000,   1.00000000,   0.00000000,   0.01488699,  -0.00000000,   0.99988918],
[  0.99988552,   0.00000000,  -0.01513102,  -0.00000000,   1.00000000,   0.00000000,   0.01513102,  -0.00000000,   0.99988552],
[  0.99988177,   0.00000000,  -0.01537698,  -0.00000000,   1.00000000,   0.00000000,   0.01537698,  -0.00000000,   0.99988177],
[  0.99987792,   0.00000000,  -0.01562486,  -0.00000000,   1.00000000,   0.00000000,   0.01562486,  -0.00000000,   0.99987792],
[  0.99987399,   0.00000000,  -0.01587467,  -0.00000000,   1.00000000,   0.00000000,   0.01587467,  -0.00000000,   0.99987399],
[  0.99986996,   0.00000000,  -0.01612638,  -0.00000000,   1.00000000,   0.00000000,   0.01612638,  -0.00000000,   0.99986996],
[  0.99986584,   0.00000000,  -0.01638000,  -0.00000000,   1.00000000,   0.00000000,   0.01638000,  -0.00000000,   0.99986584],
[  0.99986162,   0.00000000,  -0.01663552,  -0.00000000,   1.00000000,   0.00000000,   0.01663552,  -0.00000000,   0.99986162],
[  0.99985730,   0.00000000,  -0.01689293,  -0.00000000,   1.00000000,   0.00000000,   0.01689293,  -0.00000000,   0.99985730],
[  0.99985289,   0.00000000,  -0.01715223,  -0.00000000,   1.00000000,   0.00000000,   0.01715223,  -0.00000000,   0.99985289],
[  0.99984838,   0.00000000,  -0.01741340,  -0.00000000,   1.00000000,   0.00000000,   0.01741340,  -0.00000000,   0.99984838],
[  0.99984376,   0.00000000,  -0.01767644,  -0.00000000,   1.00000000,   0.00000000,   0.01767644,  -0.00000000,   0.99984376],
[  0.99983904,   0.00000000,  -0.01794135,  -0.00000000,   1.00000000,   0.00000000,   0.01794135,  -0.00000000,   0.99983904],
[  0.99983422,   0.00000000,  -0.01820811,  -0.00000000,   1.00000000,   0.00000000,   0.01820811,  -0.00000000,   0.99983422],
[  0.99982929,   0.00000000,  -0.01847672,  -0.00000000,   1.00000000,   0.00000000,   0.01847672,  -0.00000000,   0.99982929],
[  0.99982426,   0.00000000,  -0.01874717,  -0.00000000,   1.00000000,   0.00000000,   0.01874717,  -0.00000000,   0.99982426],
[  0.99981911,   0.00000000,  -0.01901945,  -0.00000000,   1.00000000,   0.00000000,   0.01901945,  -0.00000000,   0.99981911],
[  0.99981386,   0.00000000,  -0.01929355,  -0.00000000,   1.00000000,   0.00000000,   0.01929355,  -0.00000000,   0.99981386],
[  0.99980850,   0.00000000,  -0.01956947,  -0.00000000,   1.00000000,   0.00000000,   0.01956947,  -0.00000000,   0.99980850],
[  0.99980303,   0.00000000,  -0.01984719,  -0.00000000,   1.00000000,   0.00000000,   0.01984719,  -0.00000000,   0.99980303],
[  0.99979744,   0.00000000,  -0.02012671,  -0.00000000,   1.00000000,   0.00000000,   0.02012671,  -0.00000000,   0.99979744],
[  0.99979173,   0.00000000,  -0.02040803,  -0.00000000,   1.00000000,   0.00000000,   0.02040803,  -0.00000000,   0.99979173],
[  0.99978592,   0.00000000,  -0.02069112,  -0.00000000,   1.00000000,   0.00000000,   0.02069112,  -0.00000000,   0.99978592],
[  0.99977998,   0.00000000,  -0.02097598,  -0.00000000,   1.00000000,   0.00000000,   0.02097598,  -0.00000000,   0.99977998],
[  0.99977393,   0.00000000,  -0.02126261,  -0.00000000,   1.00000000,   0.00000000,   0.02126261,  -0.00000000,   0.99977393],
[  0.99976775,   0.00000000,  -0.02155100,  -0.00000000,   1.00000000,   0.00000000,   0.02155100,  -0.00000000,   0.99976775],
[  0.99976145,   0.00000000,  -0.02184113,  -0.00000000,   1.00000000,   0.00000000,   0.02184113,  -0.00000000,   0.99976145],
[  0.99975504,   0.00000000,  -0.02213299,  -0.00000000,   1.00000000,   0.00000000,   0.02213299,  -0.00000000,   0.99975504],
[  0.99974849,   0.00000000,  -0.02242658,  -0.00000000,   1.00000000,   0.00000000,   0.02242658,  -0.00000000,   0.99974849],
[  0.99974182,   0.00000000,  -0.02272189,  -0.00000000,   1.00000000,   0.00000000,   0.02272189,  -0.00000000,   0.99974182],
[  0.99973503,   0.00000000,  -0.02301891,  -0.00000000,   1.00000000,   0.00000000,   0.02301891,  -0.00000000,   0.99973503],
[  0.99972811,   0.00000000,  -0.02331763,  -0.00000000,   1.00000000,   0.00000000,   0.02331763,  -0.00000000,   0.99972811],
[  0.99972106,   0.00000000,  -0.02361803,  -0.00000000,   1.00000000,   0.00000000,   0.02361803,  -0.00000000,   0.99972106],
[  0.99971387,   0.00000000,  -0.02392012,  -0.00000000,   1.00000000,   0.00000000,   0.02392012,  -0.00000000,   0.99971387],
[  0.99970656,   0.00000000,  -0.02422387,  -0.00000000,   1.00000000,   0.00000000,   0.02422387,  -0.00000000,   0.99970656],
[  0.99969911,   0.00000000,  -0.02452928,  -0.00000000,   1.00000000,   0.00000000,   0.02452928,  -0.00000000,   0.99969911],
[  0.99969153,   0.00000000,  -0.02483635,  -0.00000000,   1.00000000,   0.00000000,   0.02483635,  -0.00000000,   0.99969153],
[  0.99968381,   0.00000000,  -0.02514505,  -0.00000000,   1.00000000,   0.00000000,   0.02514505,  -0.00000000,   0.99968381],
[  0.99967596,   0.00000000,  -0.02545538,  -0.00000000,   1.00000000,   0.00000000,   0.02545538,  -0.00000000,   0.99967596],
[  0.99966797,   0.00000000,  -0.02576733,  -0.00000000,   1.00000000,   0.00000000,   0.02576733,  -0.00000000,   0.99966797],
[  0.99965984,   0.00000000,  -0.02608089,  -0.00000000,   1.00000000,   0.00000000,   0.02608089,  -0.00000000,   0.99965984],
[  0.99965156,   0.00000000,  -0.02639605,  -0.00000000,   1.00000000,   0.00000000,   0.02639605,  -0.00000000,   0.99965156],
[  0.99964315,   0.00000000,  -0.02671280,  -0.00000000,   1.00000000,   0.00000000,   0.02671280,  -0.00000000,   0.99964315],
[  0.99963459,   0.00000000,  -0.02703112,  -0.00000000,   1.00000000,   0.00000000,   0.02703112,  -0.00000000,   0.99963459],
[  0.99962589,   0.00000000,  -0.02735101,  -0.00000000,   1.00000000,   0.00000000,   0.02735101,  -0.00000000,   0.99962589],
[  0.99961704,   0.00000000,  -0.02767246,  -0.00000000,   1.00000000,   0.00000000,   0.02767246,  -0.00000000,   0.99961704],
[  0.99960805,   0.00000000,  -0.02799546,  -0.00000000,   1.00000000,   0.00000000,   0.02799546,  -0.00000000,   0.99960805],
[  0.99959891,   0.00000000,  -0.02831999,  -0.00000000,   1.00000000,   0.00000000,   0.02831999,  -0.00000000,   0.99959891],
[  0.99958962,   0.00000000,  -0.02864604,  -0.00000000,   1.00000000,   0.00000000,   0.02864604,  -0.00000000,   0.99958962],
[  0.99958018,   0.00000000,  -0.02897361,  -0.00000000,   1.00000000,   0.00000000,   0.02897361,  -0.00000000,   0.99958018],
[  0.99957058,   0.00000000,  -0.02930268,  -0.00000000,   1.00000000,   0.00000000,   0.02930268,  -0.00000000,   0.99957058],
[  0.99956084,   0.00000000,  -0.02963325,  -0.00000000,   1.00000000,   0.00000000,   0.02963325,  -0.00000000,   0.99956084],
[  0.99955094,   0.00000000,  -0.02996529,  -0.00000000,   1.00000000,   0.00000000,   0.02996529,  -0.00000000,   0.99955094],
[  0.99954089,   0.00000000,  -0.03029881,  -0.00000000,   1.00000000,   0.00000000,   0.03029881,  -0.00000000,   0.99954089],
[  0.99953068,   0.00000000,  -0.03063378,  -0.00000000,   1.00000000,   0.00000000,   0.03063378,  -0.00000000,   0.99953068],
[  0.99952031,   0.00000000,  -0.03097021,  -0.00000000,   1.00000000,   0.00000000,   0.03097021,  -0.00000000,   0.99952031],
[  0.99950978,   0.00000000,  -0.03130807,  -0.00000000,   1.00000000,   0.00000000,   0.03130807,  -0.00000000,   0.99950978],
[  0.99949910,   0.00000000,  -0.03164736,  -0.00000000,   1.00000000,   0.00000000,   0.03164736,  -0.00000000,   0.99949910],
[  0.99948825,   0.00000000,  -0.03198806,  -0.00000000,   1.00000000,   0.00000000,   0.03198806,  -0.00000000,   0.99948825],
[  0.99947724,   0.00000000,  -0.03233016,  -0.00000000,   1.00000000,   0.00000000,   0.03233016,  -0.00000000,   0.99947724],
[  0.99946607,   0.00000000,  -0.03267366,  -0.00000000,   1.00000000,   0.00000000,   0.03267366,  -0.00000000,   0.99946607],
[  0.99945474,   0.00000000,  -0.03301855,  -0.00000000,   1.00000000,   0.00000000,   0.03301855,  -0.00000000,   0.99945474],
[  0.99944324,   0.00000000,  -0.03336480,  -0.00000000,   1.00000000,   0.00000000,   0.03336480,  -0.00000000,   0.99944324],
[  0.99943158,   0.00000000,  -0.03371241,  -0.00000000,   1.00000000,   0.00000000,   0.03371241,  -0.00000000,   0.99943158],
[  0.99941974,   0.00000000,  -0.03406137,  -0.00000000,   1.00000000,   0.00000000,   0.03406137,  -0.00000000,   0.99941974],
[  0.99940774,   0.00000000,  -0.03441166,  -0.00000000,   1.00000000,   0.00000000,   0.03441166,  -0.00000000,   0.99940774],
[  0.99939557,   0.00000000,  -0.03476328,  -0.00000000,   1.00000000,   0.00000000,   0.03476328,  -0.00000000,   0.99939557],
[  0.99938324,   0.00000000,  -0.03511621,  -0.00000000,   1.00000000,   0.00000000,   0.03511621,  -0.00000000,   0.99938324],
[  0.99937073,   0.00000000,  -0.03547045,  -0.00000000,   1.00000000,   0.00000000,   0.03547045,  -0.00000000,   0.99937073],
[  0.99935804,   0.00000000,  -0.03582598,  -0.00000000,   1.00000000,   0.00000000,   0.03582598,  -0.00000000,   0.99935804],
[  0.99934519,   0.00000000,  -0.03618278,  -0.00000000,   1.00000000,   0.00000000,   0.03618278,  -0.00000000,   0.99934519],
[  0.99933216,   0.00000000,  -0.03654086,  -0.00000000,   1.00000000,   0.00000000,   0.03654086,  -0.00000000,   0.99933216],
[  0.99931896,   0.00000000,  -0.03690019,  -0.00000000,   1.00000000,   0.00000000,   0.03690019,  -0.00000000,   0.99931896],
[  0.99930558,   0.00000000,  -0.03726077,  -0.00000000,   1.00000000,   0.00000000,   0.03726077,  -0.00000000,   0.99930558],
[  0.99929202,   0.00000000,  -0.03762258,  -0.00000000,   1.00000000,   0.00000000,   0.03762258,  -0.00000000,   0.99929202],
[  0.99927829,   0.00000000,  -0.03798562,  -0.00000000,   1.00000000,   0.00000000,   0.03798562,  -0.00000000,   0.99927829],
[  0.99926437,   0.00000000,  -0.03834986,  -0.00000000,   1.00000000,   0.00000000,   0.03834986,  -0.00000000,   0.99926437],
[  0.99925028,   0.00000000,  -0.03871531,  -0.00000000,   1.00000000,   0.00000000,   0.03871531,  -0.00000000,   0.99925028],
[  0.99923601,   0.00000000,  -0.03908194,  -0.00000000,   1.00000000,   0.00000000,   0.03908194,  -0.00000000,   0.99923601],
[  0.99922156,   0.00000000,  -0.03944976,  -0.00000000,   1.00000000,   0.00000000,   0.03944976,  -0.00000000,   0.99922156],
[  0.99920692,   0.00000000,  -0.03981873,  -0.00000000,   1.00000000,   0.00000000,   0.03981873,  -0.00000000,   0.99920692],
[  0.99919210,   0.00000000,  -0.04018887,  -0.00000000,   1.00000000,   0.00000000,   0.04018887,  -0.00000000,   0.99919210],
[  0.99917710,   0.00000000,  -0.04056014,  -0.00000000,   1.00000000,   0.00000000,   0.04056014,  -0.00000000,   0.99917710],
[  0.99916191,   0.00000000,  -0.04093255,  -0.00000000,   1.00000000,   0.00000000,   0.04093255,  -0.00000000,   0.99916191],
[  0.99914654,   0.00000000,  -0.04130607,  -0.00000000,   1.00000000,   0.00000000,   0.04130607,  -0.00000000,   0.99914654],
[  0.99913098,   0.00000000,  -0.04168071,  -0.00000000,   1.00000000,   0.00000000,   0.04168071,  -0.00000000,   0.99913098],
[  0.99911524,   0.00000000,  -0.04205644,  -0.00000000,   1.00000000,   0.00000000,   0.04205644,  -0.00000000,   0.99911524],
[  0.99909930,   0.00000000,  -0.04243326,  -0.00000000,   1.00000000,   0.00000000,   0.04243326,  -0.00000000,   0.99909930],
[  0.99908318,   0.00000000,  -0.04281115,  -0.00000000,   1.00000000,   0.00000000,   0.04281115,  -0.00000000,   0.99908318],
[  0.99906687,   0.00000000,  -0.04319011,  -0.00000000,   1.00000000,   0.00000000,   0.04319011,  -0.00000000,   0.99906687],
[  0.99905037,   0.00000000,  -0.04357012,  -0.00000000,   1.00000000,   0.00000000,   0.04357012,  -0.00000000,   0.99905037],
[  0.99903368,   0.00000000,  -0.04395117,  -0.00000000,   1.00000000,   0.00000000,   0.04395117,  -0.00000000,   0.99903368],
[  0.99901680,   0.00000000,  -0.04433325,  -0.00000000,   1.00000000,   0.00000000,   0.04433325,  -0.00000000,   0.99901680],
[  0.99899972,   0.00000000,  -0.04471635,  -0.00000000,   1.00000000,   0.00000000,   0.04471635,  -0.00000000,   0.99899972],
[  0.99898246,   0.00000000,  -0.04510045,  -0.00000000,   1.00000000,   0.00000000,   0.04510045,  -0.00000000,   0.99898246],
[  0.99896500,   0.00000000,  -0.04548556,  -0.00000000,   1.00000000,   0.00000000,   0.04548556,  -0.00000000,   0.99896500],
[  0.99894734,   0.00000000,  -0.04587164,  -0.00000000,   1.00000000,   0.00000000,   0.04587164,  -0.00000000,   0.99894734],
[  0.99892949,   0.00000000,  -0.04625870,  -0.00000000,   1.00000000,   0.00000000,   0.04625870,  -0.00000000,   0.99892949],
[  0.99891145,   0.00000000,  -0.04664673,  -0.00000000,   1.00000000,   0.00000000,   0.04664673,  -0.00000000,   0.99891145],
[  0.99889321,   0.00000000,  -0.04703570,  -0.00000000,   1.00000000,   0.00000000,   0.04703570,  -0.00000000,   0.99889321],
[  0.99887477,   0.00000000,  -0.04742562,  -0.00000000,   1.00000000,   0.00000000,   0.04742562,  -0.00000000,   0.99887477],
