function R1_M1(){
var R1 = [
[  0.00000000,   0.00000000,   0.00000000,   0.00000000,   0.00000000,   0.00000000,   0.00000000,   0.00000000,   0.00000000],
[  1.00000000,   0.00000002,   0.00000072,  -0.00000002,   1.00000000,   0.00000019,  -0.00000072,  -0.00000019,   1.00000000],
[  1.00000000,   0.00000007,   0.00000215,  -0.00000007,   1.00000000,   0.00000056,  -0.00000215,  -0.00000056,   1.00000000],
[  1.00000000,   0.00000014,   0.00000428,  -0.00000014,   1.00000000,   0.00000111,  -0.00000428,  -0.00000111,   1.00000000],
[  1.00000000,   0.00000023,   0.00000709,  -0.00000023,   1.00000000,   0.00000185,  -0.00000709,  -0.00000185,   1.00000000],
[  1.00000000,   0.00000034,   0.00001058,  -0.00000034,   1.00000000,   0.00000278,  -0.00001058,  -0.00000278,   1.00000000],
[  1.00000000,   0.00000047,   0.00001474,  -0.00000047,   1.00000000,   0.00000389,  -0.00001474,  -0.00000389,   1.00000000],
[  1.00000000,   0.00000063,   0.00001956,  -0.00000063,   1.00000000,   0.00000518,  -0.00001956,  -0.00000518,   1.00000000],
[  1.00000000,   0.00000081,   0.00002502,  -0.00000081,   1.00000000,   0.00000666,  -0.00002502,  -0.00000666,   1.00000000],
[  1.00000000,   0.00000102,   0.00003111,  -0.00000102,   1.00000000,   0.00000833,  -0.00003111,  -0.00000833,   1.00000000],
[  1.00000000,   0.00000124,   0.00003783,  -0.00000124,   1.00000000,   0.00001018,  -0.00003783,  -0.00001018,   1.00000000],
[  1.00000000,   0.00000149,   0.00004517,  -0.00000149,   1.00000000,   0.00001222,  -0.00004517,  -0.00001222,   1.00000000],
[  1.00000000,   0.00000176,   0.00005310,  -0.00000176,   1.00000000,   0.00001444,  -0.00005310,  -0.00001444,   1.00000000],
[  1.00000000,   0.00000205,   0.00006163,  -0.00000206,   1.00000000,   0.00001684,  -0.00006163,  -0.00001684,   1.00000000],
[  1.00000000,   0.00000237,   0.00007073,  -0.00000237,   1.00000000,   0.00001944,  -0.00007073,  -0.00001944,   1.00000000],
[  1.00000000,   0.00000271,   0.00008041,  -0.00000271,   1.00000000,   0.00002221,  -0.00008041,  -0.00002221,   1.00000000],
[  1.00000000,   0.00000307,   0.00009064,  -0.00000307,   1.00000000,   0.00002517,  -0.00009064,  -0.00002517,   1.00000000],
[  0.99999999,   0.00000346,   0.00010143,  -0.00000346,   1.00000000,   0.00002832,  -0.00010143,  -0.00002832,   0.99999999],
[  0.99999999,   0.00000387,   0.00011274,  -0.00000387,   1.00000000,   0.00003165,  -0.00011274,  -0.00003165,   0.99999999],
[  0.99999999,   0.00000430,   0.00012459,  -0.00000430,   1.00000000,   0.00003517,  -0.00012459,  -0.00003517,   0.99999999],
[  0.99999999,   0.00000475,   0.00013695,  -0.00000476,   1.00000000,   0.00003887,  -0.00013695,  -0.00003888,   0.99999999],
[  0.99999999,   0.00000523,   0.00014981,  -0.00000523,   1.00000000,   0.00004276,  -0.00014981,  -0.00004276,   0.99999999],
[  0.99999999,   0.00000573,   0.00016316,  -0.00000574,   1.00000000,   0.00004684,  -0.00016316,  -0.00004684,   0.99999999],
[  0.99999998,   0.00000625,   0.00017700,  -0.00000626,   1.00000000,   0.00005110,  -0.00017700,  -0.00005110,   0.99999998],
[  0.99999998,   0.00000680,   0.00019130,  -0.00000681,   1.00000000,   0.00005554,  -0.00019130,  -0.00005554,   0.99999998],
[  0.99999998,   0.00000737,   0.00020606,  -0.00000739,   1.00000000,   0.00006017,  -0.00020606,  -0.00006017,   0.99999998],
[  0.99999998,   0.00000797,   0.00022127,  -0.00000798,   1.00000000,   0.00006499,  -0.00022127,  -0.00006499,   0.99999997],
[  0.99999997,   0.00000859,   0.00023692,  -0.00000861,   1.00000000,   0.00006999,  -0.00023692,  -0.00006999,   0.99999997],
[  0.99999997,   0.00000924,   0.00025299,  -0.00000925,   1.00000000,   0.00007518,  -0.00025299,  -0.00007518,   0.99999997],
[  0.99999996,   0.00000990,   0.00026948,  -0.00000993,   1.00000000,   0.00008055,  -0.00026948,  -0.00008055,   0.99999996],
[  0.99999996,   0.00001060,   0.00028636,  -0.00001062,   1.00000000,   0.00008611,  -0.00028636,  -0.00008611,   0.99999996],
[  0.99999995,   0.00001132,   0.00030364,  -0.00001135,   1.00000000,   0.00009185,  -0.00030364,  -0.00009186,   0.99999995],
[  0.99999995,   0.00001206,   0.00032130,  -0.00001209,   1.00000000,   0.00009778,  -0.00032130,  -0.00009779,   0.99999994],
[  0.99999994,   0.00001283,   0.00033932,  -0.00001287,   0.99999999,   0.00010390,  -0.00033932,  -0.00010390,   0.99999994],
[  0.99999994,   0.00001363,   0.00035771,  -0.00001367,   0.99999999,   0.00011020,  -0.00035770,  -0.00011021,   0.99999993],
[  0.99999993,   0.00001445,   0.00037643,  -0.00001450,   0.99999999,   0.00011669,  -0.00037643,  -0.00011670,   0.99999992],
[  0.99999992,   0.00001530,   0.00039549,  -0.00001535,   0.99999999,   0.00012337,  -0.00039549,  -0.00012338,   0.99999991],
[  0.99999991,   0.00001618,   0.00041488,  -0.00001623,   0.99999999,   0.00013023,  -0.00041488,  -0.00013024,   0.99999991],
[  0.99999991,   0.00001708,   0.00043457,  -0.00001714,   0.99999999,   0.00013728,  -0.00043457,  -0.00013729,   0.99999990],
[  0.99999990,   0.00001801,   0.00045457,  -0.00001808,   0.99999999,   0.00014452,  -0.00045456,  -0.00014453,   0.99999989],
[  0.99999989,   0.00001898,   0.00047485,  -0.00001905,   0.99999999,   0.00015194,  -0.00047484,  -0.00015195,   0.99999988],
[  0.99999988,   0.00001996,   0.00049541,  -0.00002004,   0.99999999,   0.00015955,  -0.00049540,  -0.00015956,   0.99999986],
[  0.99999987,   0.00002098,   0.00051623,  -0.00002107,   0.99999999,   0.00016735,  -0.00051623,  -0.00016736,   0.99999985],
[  0.99999986,   0.00002203,   0.00053731,  -0.00002213,   0.99999998,   0.00017534,  -0.00053730,  -0.00017535,   0.99999984],
[  0.99999984,   0.00002311,   0.00055862,  -0.00002321,   0.99999998,   0.00018351,  -0.00055862,  -0.00018352,   0.99999983],
[  0.99999983,   0.00002422,   0.00058017,  -0.00002433,   0.99999998,   0.00019187,  -0.00058017,  -0.00019188,   0.99999981],
[  0.99999982,   0.00002536,   0.00060194,  -0.00002548,   0.99999998,   0.00020042,  -0.00060193,  -0.00020043,   0.99999980],
[  0.99999981,   0.00002654,   0.00062391,  -0.00002667,   0.99999998,   0.00020916,  -0.00062391,  -0.00020917,   0.99999978],
[  0.99999979,   0.00002775,   0.00064608,  -0.00002789,   0.99999998,   0.00021808,  -0.00064608,  -0.00021810,   0.99999977],
[  0.99999978,   0.00002899,   0.00066844,  -0.00002914,   0.99999997,   0.00022720,  -0.00066843,  -0.00022722,   0.99999975],
[  0.99999976,   0.00003026,   0.00069096,  -0.00003043,   0.99999997,   0.00023650,  -0.00069096,  -0.00023652,   0.99999973],
[  0.99999974,   0.00003157,   0.00071365,  -0.00003175,   0.99999997,   0.00024599,  -0.00071364,  -0.00024602,   0.99999972],
[  0.99999973,   0.00003292,   0.00073648,  -0.00003311,   0.99999997,   0.00025568,  -0.00073648,  -0.00025570,   0.99999970],
[  0.99999971,   0.00003430,   0.00075946,  -0.00003451,   0.99999996,   0.00026555,  -0.00075945,  -0.00026558,   0.99999968],
[  0.99999969,   0.00003573,   0.00078256,  -0.00003594,   0.99999996,   0.00027561,  -0.00078255,  -0.00027564,   0.99999966],
[  0.99999967,   0.00003719,   0.00080577,  -0.00003742,   0.99999996,   0.00028586,  -0.00080576,  -0.00028589,   0.99999963],
[  0.99999966,   0.00003869,   0.00082908,  -0.00003893,   0.99999996,   0.00029631,  -0.00082907,  -0.00029634,   0.99999961],
[  0.99999964,   0.00004023,   0.00085249,  -0.00004049,   0.99999995,   0.00030694,  -0.00085248,  -0.00030698,   0.99999959],
[  0.99999962,   0.00004181,   0.00087598,  -0.00004209,   0.99999995,   0.00031777,  -0.00087596,  -0.00031780,   0.99999957],
[  0.99999959,   0.00004343,   0.00089953,  -0.00004373,   0.99999994,   0.00032878,  -0.00089951,  -0.00032882,   0.99999954],
[  0.99999957,   0.00004510,   0.00092314,  -0.00004542,   0.99999994,   0.00033999,  -0.00092312,  -0.00034003,   0.99999952],
[  0.99999955,   0.00004682,   0.00094679,  -0.00004715,   0.99999994,   0.00035139,  -0.00094677,  -0.00035144,   0.99999949],
[  0.99999953,   0.00004858,   0.00097048,  -0.00004893,   0.99999993,   0.00036299,  -0.00097046,  -0.00036303,   0.99999946],
[  0.99999950,   0.00005038,   0.00099418,  -0.00005076,   0.99999993,   0.00037477,  -0.00099416,  -0.00037482,   0.99999944],
[  0.99999948,   0.00005224,   0.00101790,  -0.00005263,   0.99999992,   0.00038675,  -0.00101788,  -0.00038681,   0.99999941],
[  0.99999946,   0.00005415,   0.00104161,  -0.00005456,   0.99999992,   0.00039893,  -0.00104159,  -0.00039898,   0.99999938],
[  0.99999943,   0.00005610,   0.00106531,  -0.00005654,   0.99999991,   0.00041130,  -0.00106529,  -0.00041136,   0.99999935],
[  0.99999941,   0.00005811,   0.00108899,  -0.00005857,   0.99999991,   0.00042386,  -0.00108896,  -0.00042392,   0.99999932],
[  0.99999938,   0.00006018,   0.00111262,  -0.00006066,   0.99999990,   0.00043662,  -0.00111260,  -0.00043668,   0.99999929],
[  0.99999935,   0.00006230,   0.00113621,  -0.00006281,   0.99999990,   0.00044957,  -0.00113618,  -0.00044964,   0.99999925],
[  0.99999933,   0.00006447,   0.00115974,  -0.00006501,   0.99999989,   0.00046272,  -0.00115971,  -0.00046280,   0.99999922],
[  0.99999930,   0.00006671,   0.00118320,  -0.00006727,   0.99999988,   0.00047607,  -0.00118316,  -0.00047615,   0.99999919],
[  0.99999927,   0.00006900,   0.00120657,  -0.00006959,   0.99999988,   0.00048961,  -0.00120653,  -0.00048969,   0.99999915],
[  0.99999924,   0.00007136,   0.00122985,  -0.00007198,   0.99999987,   0.00050335,  -0.00122981,  -0.00050344,   0.99999912],
[  0.99999921,   0.00007378,   0.00125302,  -0.00007443,   0.99999986,   0.00051729,  -0.00125298,  -0.00051738,   0.99999908],
[  0.99999918,   0.00007627,   0.00127607,  -0.00007695,   0.99999986,   0.00053143,  -0.00127603,  -0.00053153,   0.99999904],
[  0.99999915,   0.00007882,   0.00129899,  -0.00007953,   0.99999985,   0.00054577,  -0.00129895,  -0.00054587,   0.99999901],
[  0.99999912,   0.00008144,   0.00132177,  -0.00008218,   0.99999984,   0.00056030,  -0.00132173,  -0.00056041,   0.99999897],
[  0.99999909,   0.00008414,   0.00134440,  -0.00008491,   0.99999983,   0.00057504,  -0.00134435,  -0.00057516,   0.99999893],
[  0.99999906,   0.00008690,   0.00136687,  -0.00008771,   0.99999982,   0.00058998,  -0.00136682,  -0.00059010,   0.99999889],
[  0.99999903,   0.00008975,   0.00138916,  -0.00009059,   0.99999981,   0.00060512,  -0.00138910,  -0.00060525,   0.99999885],
[  0.99999900,   0.00009266,   0.00141126,  -0.00009354,   0.99999980,   0.00062047,  -0.00141120,  -0.00062060,   0.99999881],
[  0.99999897,   0.00009566,   0.00143316,  -0.00009657,   0.99999979,   0.00063601,  -0.00143310,  -0.00063615,   0.99999877],
[  0.99999894,   0.00009874,   0.00145485,  -0.00009969,   0.99999978,   0.00065176,  -0.00145479,  -0.00065191,   0.99999873],
[  0.99999891,   0.00010190,   0.00147633,  -0.00010289,   0.99999977,   0.00066772,  -0.00147626,  -0.00066787,   0.99999869],
[  0.99999887,   0.00010515,   0.00149757,  -0.00010618,   0.99999976,   0.00068387,  -0.00149749,  -0.00068403,   0.99999864],
[  0.99999884,   0.00010849,   0.00151856,  -0.00010955,   0.99999975,   0.00070024,  -0.00151848,  -0.00070041,   0.99999860],
[  0.99999881,   0.00011192,   0.00153930,  -0.00011302,   0.99999974,   0.00071681,  -0.00153922,  -0.00071698,   0.99999856],
[  0.99999878,   0.00011544,   0.00155977,  -0.00011658,   0.99999972,   0.00073359,  -0.00155969,  -0.00073377,   0.99999851],
[  0.99999874,   0.00011905,   0.00157997,  -0.00012024,   0.99999971,   0.00075058,  -0.00157988,  -0.00075077,   0.99999847],
[  0.99999871,   0.00012277,   0.00159988,  -0.00012400,   0.99999970,   0.00076777,  -0.00159978,  -0.00076797,   0.99999843],
[  0.99999868,   0.00012658,   0.00161948,  -0.00012785,   0.99999968,   0.00078518,  -0.00161938,  -0.00078539,   0.99999838],
[  0.99999865,   0.00013050,   0.00163878,  -0.00013182,   0.99999967,   0.00080280,  -0.00163867,  -0.00080301,   0.99999833],
[  0.99999862,   0.00013453,   0.00165775,  -0.00013589,   0.99999965,   0.00082063,  -0.00165764,  -0.00082085,   0.99999829],
[  0.99999859,   0.00013866,   0.00167638,  -0.00014006,   0.99999964,   0.00083867,  -0.00167627,  -0.00083890,   0.99999824],
[  0.99999855,   0.00014290,   0.00169468,  -0.00014436,   0.99999962,   0.00085692,  -0.00169455,  -0.00085716,   0.99999820],
[  0.99999852,   0.00014726,   0.00171261,  -0.00014876,   0.99999961,   0.00087539,  -0.00171248,  -0.00087564,   0.99999815],
[  0.99999849,   0.00015174,   0.00173018,  -0.00015329,   0.99999959,   0.00089407,  -0.00173005,  -0.00089433,   0.99999810],
[  0.99999846,   0.00015634,   0.00174738,  -0.00015793,   0.99999957,   0.00091297,  -0.00174723,  -0.00091324,   0.99999806],
[  0.99999843,   0.00016106,   0.00176418,  -0.00016270,   0.99999955,   0.00093208,  -0.00176403,  -0.00093237,   0.99999801],
[  0.99999840,   0.00016591,   0.00178058,  -0.00016760,   0.99999953,   0.00095142,  -0.00178042,  -0.00095172,   0.99999796],
[  0.99999837,   0.00017089,   0.00179658,  -0.00017263,   0.99999951,   0.00097097,  -0.00179641,  -0.00097128,   0.99999791],
[  0.99999834,   0.00017600,   0.00181215,  -0.00017780,   0.99999949,   0.00099074,  -0.00181197,  -0.00099107,   0.99999787],
[  0.99999831,   0.00018125,   0.00182729,  -0.00018310,   0.99999947,   0.00101074,  -0.00182710,  -0.00101107,   0.99999782],
[  0.99999829,   0.00018664,   0.00184198,  -0.00018854,   0.99999945,   0.00103095,  -0.00184179,  -0.00103130,   0.99999777],
[  0.99999826,   0.00019217,   0.00185622,  -0.00019412,   0.99999943,   0.00105139,  -0.00185602,  -0.00105175,   0.99999772],
[  0.99999823,   0.00019785,   0.00187000,  -0.00019986,   0.99999941,   0.00107206,  -0.00186979,  -0.00107243,   0.99999768],
[  0.99999821,   0.00020368,   0.00188331,  -0.00020574,   0.99999938,   0.00109295,  -0.00188308,  -0.00109333,   0.99999763],
[  0.99999818,   0.00020967,   0.00189612,  -0.00021178,   0.99999936,   0.00111406,  -0.00189589,  -0.00111446,   0.99999758],
[  0.99999816,   0.00021581,   0.00190844,  -0.00021798,   0.99999933,   0.00113541,  -0.00190820,  -0.00113582,   0.99999753],
[  0.99999813,   0.00022212,   0.00192026,  -0.00022434,   0.99999931,   0.00115698,  -0.00192000,  -0.00115741,   0.99999749],
[  0.99999811,   0.00022859,   0.00193156,  -0.00023087,   0.99999928,   0.00117878,  -0.00193129,  -0.00117922,   0.99999744],
[  0.99999809,   0.00023523,   0.00194233,  -0.00023756,   0.99999925,   0.00120081,  -0.00194205,  -0.00120127,   0.99999739],
[  0.99999806,   0.00024205,   0.00195256,  -0.00024443,   0.99999922,   0.00122308,  -0.00195227,  -0.00122356,   0.99999735],
[  0.99999804,   0.00024904,   0.00196225,  -0.00025148,   0.99999919,   0.00124558,  -0.00196194,  -0.00124607,   0.99999730],
[  0.99999802,   0.00025621,   0.00197138,  -0.00025871,   0.99999916,   0.00126832,  -0.00197105,  -0.00126882,   0.99999725],
[  0.99999801,   0.00026357,   0.00197994,  -0.00026613,   0.99999913,   0.00129129,  -0.00197959,  -0.00129181,   0.99999721],
[  0.99999799,   0.00027113,   0.00198792,  -0.00027374,   0.99999910,   0.00131450,  -0.00198756,  -0.00131504,   0.99999716],
[  0.99999797,   0.00027887,   0.00199531,  -0.00028154,   0.99999907,   0.00133795,  -0.00199494,  -0.00133851,   0.99999711],
[  0.99999795,   0.00028682,   0.00200211,  -0.00028954,   0.99999903,   0.00136164,  -0.00200171,  -0.00136221,   0.99999707],
[  0.99999794,   0.00029497,   0.00200829,  -0.00029775,   0.99999900,   0.00138557,  -0.00200788,  -0.00138616,   0.99999702],
[  0.99999793,   0.00030332,   0.00201386,  -0.00030616,   0.99999896,   0.00140974,  -0.00201343,  -0.00141036,   0.99999698],
[  0.99999791,   0.00031189,   0.00201880,  -0.00031479,   0.99999892,   0.00143416,  -0.00201835,  -0.00143479,   0.99999693],
[  0.99999790,   0.00032068,   0.00202311,  -0.00032363,   0.99999888,   0.00145883,  -0.00202264,  -0.00145948,   0.99999689],
[  0.99999789,   0.00032969,   0.00202676,  -0.00033269,   0.99999884,   0.00148374,  -0.00202627,  -0.00148441,   0.99999685],
[  0.99999788,   0.00033892,   0.00202976,  -0.00034198,   0.99999880,   0.00150890,  -0.00202925,  -0.00150959,   0.99999680],
[  0.99999787,   0.00034839,   0.00203210,  -0.00035151,   0.99999876,   0.00153432,  -0.00203156,  -0.00153503,   0.99999676],
[  0.99999787,   0.00035809,   0.00203376,  -0.00036126,   0.99999872,   0.00155998,  -0.00203319,  -0.00156071,   0.99999672],
[  0.99999786,   0.00036804,   0.00203473,  -0.00037126,   0.99999867,   0.00158590,  -0.00203414,  -0.00158665,   0.99999667],
[  0.99999786,   0.00037823,   0.00203501,  -0.00038151,   0.99999863,   0.00161208,  -0.00203440,  -0.00161285,   0.99999663],
[  0.99999785,   0.00038867,   0.00203458,  -0.00039200,   0.99999858,   0.00163851,  -0.00203394,  -0.00163930,   0.99999659],
[  0.99999785,   0.00039937,   0.00203345,  -0.00040276,   0.99999853,   0.00166520,  -0.00203278,  -0.00166601,   0.99999655],
[  0.99999785,   0.00041033,   0.00203159,  -0.00041377,   0.99999848,   0.00169215,  -0.00203089,  -0.00169299,   0.99999650],
[  0.99999785,   0.00042156,   0.00202900,  -0.00042505,   0.99999843,   0.00171936,  -0.00202827,  -0.00172022,   0.99999646],
[  0.99999785,   0.00043306,   0.00202567,  -0.00043660,   0.99999838,   0.00174684,  -0.00202491,  -0.00174772,   0.99999642],
[  0.99999786,   0.00044484,   0.00202159,  -0.00044843,   0.99999832,   0.00177458,  -0.00202080,  -0.00177548,   0.99999638],
[  0.99999786,   0.00045691,   0.00201675,  -0.00046054,   0.99999827,   0.00180259,  -0.00201593,  -0.00180351,   0.99999634],
[  0.99999787,   0.00046926,   0.00201115,  -0.00047295,   0.99999821,   0.00183087,  -0.00201029,  -0.00183181,   0.99999630],
[  0.99999787,   0.00048191,   0.00200478,  -0.00048564,   0.99999815,   0.00185941,  -0.00200388,  -0.00186038,   0.99999626],
[  0.99999788,   0.00049486,   0.00199762,  -0.00049863,   0.99999809,   0.00188824,  -0.00199668,  -0.00188923,   0.99999622],
[  0.99999789,   0.00050812,   0.00198967,  -0.00051193,   0.99999803,   0.00191733,  -0.00198869,  -0.00191834,   0.99999618],
[  0.99999790,   0.00052169,   0.00198092,  -0.00052554,   0.99999797,   0.00194670,  -0.00197990,  -0.00194774,   0.99999614],
[  0.99999791,   0.00053557,   0.00197136,  -0.00053947,   0.99999790,   0.00197635,  -0.00197030,  -0.00197741,   0.99999610],
[  0.99999793,   0.00054979,   0.00196098,  -0.00055372,   0.99999783,   0.00200628,  -0.00195988,  -0.00200736,   0.99999606],
[  0.99999794,   0.00056433,   0.00194978,  -0.00056830,   0.99999776,   0.00203649,  -0.00194863,  -0.00203759,   0.99999603],
[  0.99999795,   0.00057921,   0.00193775,  -0.00058321,   0.99999769,   0.00206698,  -0.00193655,  -0.00206811,   0.99999599],
[  0.99999797,   0.00059443,   0.00192488,  -0.00059846,   0.99999762,   0.00209776,  -0.00192363,  -0.00209891,   0.99999595],
[  0.99999799,   0.00061000,   0.00191116,  -0.00061406,   0.99999755,   0.00212883,  -0.00190986,  -0.00213000,   0.99999591],
[  0.99999801,   0.00062592,   0.00189658,  -0.00063002,   0.99999747,   0.00216019,  -0.00189523,  -0.00216138,   0.99999587],
[  0.99999802,   0.00064221,   0.00188114,  -0.00064633,   0.99999739,   0.00219184,  -0.00187973,  -0.00219305,   0.99999583],
[  0.99999804,   0.00065886,   0.00186483,  -0.00066301,   0.99999731,   0.00222378,  -0.00186336,  -0.00222501,   0.99999579],
[  0.99999806,   0.00067589,   0.00184765,  -0.00068006,   0.99999722,   0.00225602,  -0.00184612,  -0.00225727,   0.99999575],
[  0.99999809,   0.00069330,   0.00182957,  -0.00069749,   0.99999714,   0.00228856,  -0.00182798,  -0.00228983,   0.99999571],
[  0.99999811,   0.00071110,   0.00181060,  -0.00071530,   0.99999705,   0.00232139,  -0.00180895,  -0.00232268,   0.99999567],
[  0.99999813,   0.00072929,   0.00179074,  -0.00073351,   0.99999696,   0.00235453,  -0.00178901,  -0.00235584,   0.99999562],
[  0.99999815,   0.00074788,   0.00176996,  -0.00075211,   0.99999687,   0.00238797,  -0.00176817,  -0.00238930,   0.99999558],
[  0.99999818,   0.00076688,   0.00174827,  -0.00077112,   0.99999677,   0.00242172,  -0.00174641,  -0.00242306,   0.99999554],
[  0.99999820,   0.00078630,   0.00172567,  -0.00079054,   0.99999667,   0.00245578,  -0.00172373,  -0.00245714,   0.99999550],
[  0.99999823,   0.00080614,   0.00170213,  -0.00081037,   0.99999657,   0.00249014,  -0.00170012,  -0.00249152,   0.99999545],
[  0.99999825,   0.00082640,   0.00167766,  -0.00083063,   0.99999647,   0.00252482,  -0.00167557,  -0.00252621,   0.99999541],
[  0.99999828,   0.00084710,   0.00165225,  -0.00085133,   0.99999636,   0.00255982,  -0.00165007,  -0.00256122,   0.99999536],
[  0.99999830,   0.00086825,   0.00162589,  -0.00087246,   0.99999625,   0.00259513,  -0.00162363,  -0.00259655,   0.99999531],
[  0.99999833,   0.00088984,   0.00159858,  -0.00089404,   0.99999614,   0.00263076,  -0.00159623,  -0.00263219,   0.99999526],
[  0.99999835,   0.00091189,   0.00157031,  -0.00091607,   0.99999602,   0.00266672,  -0.00156787,  -0.00266815,   0.99999521],
[  0.99999838,   0.00093440,   0.00154107,  -0.00093857,   0.99999591,   0.00270300,  -0.00153854,  -0.00270444,   0.99999516],
[  0.99999840,   0.00095739,   0.00151087,  -0.00096153,   0.99999579,   0.00273960,  -0.00150824,  -0.00274105,   0.99999511],
[  0.99999842,   0.00098086,   0.00147968,  -0.00098496,   0.99999566,   0.00277654,  -0.00147695,  -0.00277799,   0.99999505],
[  0.99999845,   0.00100481,   0.00144752,  -0.00100888,   0.99999553,   0.00281380,  -0.00144468,  -0.00281526,   0.99999499],
[  0.99999847,   0.00102925,   0.00141436,  -0.00103328,   0.99999540,   0.00285140,  -0.00141142,  -0.00285286,   0.99999493],
[  0.99999849,   0.00105420,   0.00138021,  -0.00105818,   0.99999527,   0.00288933,  -0.00137716,  -0.00289079,   0.99999487],
[  0.99999851,   0.00107965,   0.00134506,  -0.00108359,   0.99999513,   0.00292761,  -0.00134190,  -0.00292906,   0.99999481],
[  0.99999853,   0.00110563,   0.00130891,  -0.00110951,   0.99999499,   0.00296622,  -0.00130563,  -0.00296767,   0.99999474],
[  0.99999855,   0.00113212,   0.00127175,  -0.00113594,   0.99999484,   0.00300518,  -0.00126834,  -0.00300662,   0.99999468],
[  0.99999857,   0.00115915,   0.00123357,  -0.00116290,   0.99999469,   0.00304448,  -0.00123004,  -0.00304591,   0.99999460],
[  0.99999858,   0.00118672,   0.00119438,  -0.00119040,   0.99999454,   0.00308414,  -0.00119071,  -0.00308555,   0.99999453],
[  0.99999860,   0.00121483,   0.00115416,  -0.00121844,   0.99999438,   0.00312414,  -0.00115036,  -0.00312554,   0.99999445],
[  0.99999861,   0.00124351,   0.00111291,  -0.00124702,   0.99999422,   0.00316449,  -0.00110897,  -0.00316588,   0.99999437],
[  0.99999862,   0.00127274,   0.00107063,  -0.00127617,   0.99999405,   0.00320521,  -0.00106654,  -0.00320657,   0.99999429],
[  0.99999862,   0.00130255,   0.00102731,  -0.00130587,   0.99999388,   0.00324628,  -0.00102307,  -0.00324761,   0.99999420],
[  0.99999863,   0.00133293,   0.00098295,  -0.00133615,   0.99999370,   0.00328771,  -0.00097856,  -0.00328902,   0.99999411],
[  0.99999863,   0.00136390,   0.00093754,  -0.00136702,   0.99999352,   0.00332950,  -0.00093299,  -0.00333078,   0.99999402],
[  0.99999863,   0.00139547,   0.00089108,  -0.00139847,   0.99999334,   0.00337167,  -0.00088637,  -0.00337291,   0.99999392],
[  0.99999863,   0.00142764,   0.00084357,  -0.00143051,   0.99999315,   0.00341420,  -0.00083869,  -0.00341540,   0.99999382],
[  0.99999862,   0.00146042,   0.00079501,  -0.00146316,   0.99999295,   0.00345710,  -0.00078995,  -0.00345826,   0.99999371],
[  0.99999861,   0.00149382,   0.00074538,  -0.00149642,   0.99999275,   0.00350038,  -0.00074014,  -0.00350149,   0.99999360],
[  0.99999859,   0.00152785,   0.00069468,  -0.00153031,   0.99999255,   0.00354403,  -0.00068926,  -0.00354509,   0.99999348],
[  0.99999857,   0.00156252,   0.00064292,  -0.00156482,   0.99999234,   0.00358806,  -0.00063731,  -0.00358906,   0.99999336],
[  0.99999855,   0.00159783,   0.00059009,  -0.00159997,   0.99999212,   0.00363248,  -0.00058428,  -0.00363342,   0.99999323],
[  0.99999852,   0.00163380,   0.00053618,  -0.00163576,   0.99999190,   0.00367728,  -0.00053017,  -0.00367815,   0.99999310],
[  0.99999849,   0.00167042,   0.00048120,  -0.00167220,   0.99999167,   0.00372246,  -0.00047498,  -0.00372326,   0.99999296],
[  0.99999845,   0.00170772,   0.00042514,  -0.00170931,   0.99999144,   0.00376804,  -0.00041870,  -0.00376876,   0.99999281],
[  0.99999841,   0.00174569,   0.00036799,  -0.00174708,   0.99999120,   0.00381401,  -0.00036133,  -0.00381465,   0.99999266],
[  0.99999836,   0.00178435,   0.00030976,  -0.00178554,   0.99999095,   0.00386038,  -0.00030287,  -0.00386093,   0.99999250],
[  0.99999831,   0.00182371,   0.00025044,  -0.00182468,   0.99999070,   0.00390715,  -0.00024332,  -0.00390760,   0.99999234],
[  0.99999825,   0.00186377,   0.00019004,  -0.00186451,   0.99999044,   0.00395432,  -0.00018266,  -0.00395466,   0.99999216],
[  0.99999818,   0.00190454,   0.00012854,  -0.00190504,   0.99999018,   0.00400189,  -0.00012091,  -0.00400213,   0.99999198],
[  0.99999810,   0.00194604,   0.00006594,  -0.00194629,   0.99998991,   0.00404987,  -0.00005806,  -0.00404999,   0.99999180],
[  0.99999802,   0.00198826,   0.00000226,  -0.00198825,   0.99998963,   0.00409826,   0.00000589,  -0.00409825,   0.99999160],
[  0.99999794,   0.00203122,  -0.00006253,  -0.00203094,   0.99998934,   0.00414706,   0.00007095,  -0.00414692,   0.99999140],
[  0.99999784,   0.00207493,  -0.00012841,  -0.00207437,   0.99998904,   0.00419628,   0.00013712,  -0.00419600,   0.99999119],
[  0.99999773,   0.00211939,  -0.00019540,  -0.00211855,   0.99998874,   0.00424591,   0.00020440,  -0.00424549,   0.99999097],
[  0.99999762,   0.00216462,  -0.00026348,  -0.00216347,   0.99998843,   0.00429597,   0.00027278,  -0.00429539,   0.99999074],
[  0.99999750,   0.00221062,  -0.00033267,  -0.00220916,   0.99998811,   0.00434645,   0.00034228,  -0.00434571,   0.99999050],
[  0.99999737,   0.00225741,  -0.00040296,  -0.00225561,   0.99998779,   0.00439736,   0.00041289,  -0.00439644,   0.99999025],
[  0.99999723,   0.00230498,  -0.00047436,  -0.00230285,   0.99998745,   0.00444870,   0.00048461,  -0.00444760,   0.99998999],
[  0.99999708,   0.00235336,  -0.00054686,  -0.00235087,   0.99998711,   0.00450047,   0.00055745,  -0.00449917,   0.99998972],
[  0.99999692,   0.00240254,  -0.00062047,  -0.00239969,   0.99998676,   0.00455268,   0.00063140,  -0.00455118,   0.99998944],
[  0.99999675,   0.00245254,  -0.00069518,  -0.00244931,   0.99998640,   0.00460533,   0.00070647,  -0.00460361,   0.99998915],
[  0.99999657,   0.00250336,  -0.00077100,  -0.00249974,   0.99998603,   0.00465841,   0.00078265,  -0.00465647,   0.99998885],
[  0.99999638,   0.00255502,  -0.00084792,  -0.00255100,   0.99998564,   0.00471195,   0.00085995,  -0.00470977,   0.99998854],
[  0.99999617,   0.00260752,  -0.00092596,  -0.00260308,   0.99998525,   0.00476593,   0.00093837,  -0.00476350,   0.99998821],
[  0.99999595,   0.00266088,  -0.00100509,  -0.00265600,   0.99998485,   0.00482036,   0.00101790,  -0.00481767,   0.99998788],
[  0.99999573,   0.00271509,  -0.00108534,  -0.00270977,   0.99998444,   0.00487524,   0.00109856,  -0.00487228,   0.99998753],
[  0.99999548,   0.00277018,  -0.00116669,  -0.00276440,   0.99998402,   0.00493059,   0.00118033,  -0.00492734,   0.99998716],
[  0.99999523,   0.00282615,  -0.00124914,  -0.00281989,   0.99998359,   0.00498639,   0.00126321,  -0.00498284,   0.99998679],
[  0.99999496,   0.00288300,  -0.00133270,  -0.00287625,   0.99998315,   0.00504265,   0.00134721,  -0.00503879,   0.99998640],
[  0.99999467,   0.00294075,  -0.00141736,  -0.00293349,   0.99998270,   0.00509938,   0.00143233,  -0.00509519,   0.99998599],
[  0.99999437,   0.00299941,  -0.00150312,  -0.00299162,   0.99998223,   0.00515658,   0.00151856,  -0.00515205,   0.99998558],
[  0.99999406,   0.00305898,  -0.00158999,  -0.00305065,   0.99998175,   0.00521424,   0.00160591,  -0.00520936,   0.99998514],
[  0.99999373,   0.00311947,  -0.00167795,  -0.00311059,   0.99998126,   0.00527239,   0.00169437,  -0.00526713,   0.99998469],
[  0.99999338,   0.00318090,  -0.00176701,  -0.00317144,   0.99998076,   0.00533101,   0.00178394,  -0.00532537,   0.99998423],
[  0.99999302,   0.00324327,  -0.00185717,  -0.00323322,   0.99998025,   0.00539011,   0.00187462,  -0.00538406,   0.99998375],
[  0.99999264,   0.00330659,  -0.00194843,  -0.00329592,   0.99997972,   0.00544969,   0.00196641,  -0.00544323,   0.99998325],
[  0.99999224,   0.00337086,  -0.00204077,  -0.00335957,   0.99997918,   0.00550976,   0.00205930,  -0.00550286,   0.99998274],
[  0.99999182,   0.00343611,  -0.00213421,  -0.00342417,   0.99997862,   0.00557032,   0.00215331,  -0.00556297,   0.99998221],
[  0.99999138,   0.00350233,  -0.00222874,  -0.00348973,   0.99997805,   0.00563137,   0.00224841,  -0.00562355,   0.99998166],
[  0.99999093,   0.00356954,  -0.00232435,  -0.00355626,   0.99997747,   0.00569292,   0.00234462,  -0.00568460,   0.99998109],
[  0.99999045,   0.00363774,  -0.00242105,  -0.00362375,   0.99997687,   0.00575496,   0.00244193,  -0.00574614,   0.99998051],
[  0.99998996,   0.00370694,  -0.00251883,  -0.00369224,   0.99997626,   0.00581751,   0.00254033,  -0.00580815,   0.99997991],
[  0.99998944,   0.00377716,  -0.00261768,  -0.00376171,   0.99997563,   0.00588056,   0.00263983,  -0.00587065,   0.99997928],
[  0.99998890,   0.00384840,  -0.00271762,  -0.00383219,   0.99997499,   0.00594412,   0.00274042,  -0.00593364,   0.99997864],
[  0.99998834,   0.00392066,  -0.00281862,  -0.00390367,   0.99997433,   0.00600819,   0.00284211,  -0.00599712,   0.99997798],
[  0.99998776,   0.00399397,  -0.00292070,  -0.00397617,   0.99997366,   0.00607277,   0.00294487,  -0.00606108,   0.99997730],
[  0.99998715,   0.00406832,  -0.00302384,  -0.00404970,   0.99997296,   0.00613787,   0.00304873,  -0.00612554,   0.99997659],
[  0.99998652,   0.00414373,  -0.00312804,  -0.00412426,   0.99997225,   0.00620349,   0.00315366,  -0.00619050,   0.99997587],
[  0.99998587,   0.00422020,  -0.00323330,  -0.00419987,   0.99997153,   0.00626963,   0.00325967,  -0.00625596,   0.99997512],
[  0.99998519,   0.00429775,  -0.00333962,  -0.00427652,   0.99997078,   0.00633629,   0.00336675,  -0.00632192,   0.99997435],
[  0.99998448,   0.00437637,  -0.00344699,  -0.00435424,   0.99997002,   0.00640349,   0.00347491,  -0.00638838,   0.99997356],
[  0.99998375,   0.00445609,  -0.00355540,  -0.00443302,   0.99996924,   0.00647121,   0.00358413,  -0.00645534,   0.99997274],
[  0.99998299,   0.00453691,  -0.00366486,  -0.00451287,   0.99996843,   0.00653947,   0.00369442,  -0.00652282,   0.99997190],
[  0.99998221,   0.00461883,  -0.00377536,  -0.00459381,   0.99996761,   0.00660827,   0.00380576,  -0.00659080,   0.99997104],
[  0.99998139,   0.00470187,  -0.00388689,  -0.00467585,   0.99996677,   0.00667760,   0.00391816,  -0.00665930,   0.99997015],
[  0.99998055,   0.00478603,  -0.00399946,  -0.00475898,   0.99996591,   0.00674748,   0.00403161,  -0.00672832,   0.99996924],
[  0.99997968,   0.00487133,  -0.00411304,  -0.00484322,   0.99996503,   0.00681791,   0.00414611,  -0.00679785,   0.99996830],
[  0.99997877,   0.00495777,  -0.00422765,  -0.00492857,   0.99996413,   0.00688888,   0.00426165,  -0.00686790,   0.99996733],
[  0.99997784,   0.00504536,  -0.00434327,  -0.00501505,   0.99996320,   0.00696041,   0.00437823,  -0.00693847,   0.99996634],
[  0.99997687,   0.00513410,  -0.00445991,  -0.00510266,   0.99996225,   0.00703249,   0.00449584,  -0.00700957,   0.99996533],
[  0.99997588,   0.00522402,  -0.00457754,  -0.00519142,   0.99996128,   0.00710513,   0.00461448,  -0.00708119,   0.99996428],
[  0.99997485,   0.00531510,  -0.00469618,  -0.00528131,   0.99996029,   0.00717833,   0.00473415,  -0.00715335,   0.99996321],
[  0.99997378,   0.00540737,  -0.00481581,  -0.00537237,   0.99995927,   0.00725209,   0.00485483,  -0.00722603,   0.99996211],
[  0.99997269,   0.00550084,  -0.00493643,  -0.00546459,   0.99995823,   0.00732642,   0.00497653,  -0.00729924,   0.99996098],
[  0.99997155,   0.00559550,  -0.00505803,  -0.00555798,   0.99995716,   0.00740132,   0.00509923,  -0.00737300,   0.99995982],
[  0.99997038,   0.00569136,  -0.00518061,  -0.00565255,   0.99995607,   0.00747679,   0.00522294,  -0.00744729,   0.99995863],
[  0.99996918,   0.00578845,  -0.00530416,  -0.00574830,   0.99995495,   0.00755284,   0.00534764,  -0.00752211,   0.99995741],
[  0.99996794,   0.00588675,  -0.00542867,  -0.00584525,   0.99995381,   0.00762946,   0.00547333,  -0.00759748,   0.99995616],
[  0.99996666,   0.00598629,  -0.00555414,  -0.00594340,   0.99995264,   0.00770667,   0.00560001,  -0.00767340,   0.99995488],
[  0.99996534,   0.00608707,  -0.00568056,  -0.00604276,   0.99995144,   0.00778446,   0.00572767,  -0.00774986,   0.99995357],
[  0.99996398,   0.00618910,  -0.00580793,  -0.00614334,   0.99995022,   0.00786283,   0.00585631,  -0.00782687,   0.99995222],
[  0.99996258,   0.00629238,  -0.00593624,  -0.00624514,   0.99994896,   0.00794179,   0.00598591,  -0.00790442,   0.99995084],
[  0.99996114,   0.00639692,  -0.00606547,  -0.00634818,   0.99994768,   0.00802135,   0.00611647,  -0.00798253,   0.99994943],
[  0.99995966,   0.00650273,  -0.00619563,  -0.00645245,   0.99994636,   0.00810150,   0.00624798,  -0.00806120,   0.99994799],
[  0.99995814,   0.00660982,  -0.00632671,  -0.00655797,   0.99994502,   0.00818225,   0.00638045,  -0.00814042,   0.99994651],
[  0.99995657,   0.00671820,  -0.00645870,  -0.00666474,   0.99994365,   0.00826360,   0.00651385,  -0.00822019,   0.99994500],
[  0.99995496,   0.00682787,  -0.00659159,  -0.00677277,   0.99994224,   0.00834555,   0.00664819,  -0.00830053,   0.99994345],
[  0.99995331,   0.00693884,  -0.00672538,  -0.00688207,   0.99994080,   0.00842811,   0.00678346,  -0.00838143,   0.99994187],
[  0.99995161,   0.00705112,  -0.00686006,  -0.00699264,   0.99993933,   0.00851127,   0.00691965,  -0.00846289,   0.99994025],
[  0.99994986,   0.00716471,  -0.00699561,  -0.00710450,   0.99993782,   0.00859505,   0.00705676,  -0.00854492,   0.99993859],
[  0.99994807,   0.00727963,  -0.00713204,  -0.00721764,   0.99993628,   0.00867944,   0.00719477,  -0.00862751,   0.99993690],
[  0.99994623,   0.00739588,  -0.00726933,  -0.00733208,   0.99993471,   0.00876444,   0.00733368,  -0.00871067,   0.99993517],
[  0.99994434,   0.00751346,  -0.00740748,  -0.00744782,   0.99993310,   0.00885007,   0.00747348,  -0.00879441,   0.99993340],
[  0.99994240,   0.00763239,  -0.00754648,  -0.00756487,   0.99993146,   0.00893631,   0.00761417,  -0.00887871,   0.99993159],
[  0.99994041,   0.00775267,  -0.00768632,  -0.00768323,   0.99992977,   0.00902318,   0.00775573,  -0.00896359,   0.99992975],
[  0.99993836,   0.00787431,  -0.00782699,  -0.00780292,   0.99992805,   0.00911068,   0.00789817,  -0.00904905,   0.99992786],
[  0.99993627,   0.00799731,  -0.00796848,  -0.00792393,   0.99992629,   0.00919881,   0.00804146,  -0.00913508,   0.99992594],
[  0.99993412,   0.00812169,  -0.00811079,  -0.00804628,   0.99992450,   0.00928757,   0.00818561,  -0.00922169,   0.99992398],
[  0.99993192,   0.00824745,  -0.00825391,  -0.00816997,   0.99992266,   0.00937696,   0.00833061,  -0.00930889,   0.99992197],
[  0.99992967,   0.00837459,  -0.00839782,  -0.00829500,   0.99992078,   0.00946699,   0.00847644,  -0.00939666,   0.99991992],
[  0.99992736,   0.00850312,  -0.00854253,  -0.00842139,   0.99991886,   0.00955766,   0.00862310,  -0.00948502,   0.99991783],
[  0.99992499,   0.00863305,  -0.00868801,  -0.00854914,   0.99991690,   0.00964897,   0.00877059,  -0.00957397,   0.99991570],
[  0.99992257,   0.00876438,  -0.00883426,  -0.00867826,   0.99991490,   0.00974092,   0.00891888,  -0.00966350,   0.99991353],
[  0.99992009,   0.00889713,  -0.00898128,  -0.00880874,   0.99991285,   0.00983352,   0.00906798,  -0.00975362,   0.99991132],
[  0.99991754,   0.00903130,  -0.00912904,  -0.00894061,   0.99991076,   0.00992677,   0.00921788,  -0.00984433,   0.99990906],
[  0.99991494,   0.00916689,  -0.00927755,  -0.00907385,   0.99990862,   0.01002067,   0.00936857,  -0.00993563,   0.99990675],
[  0.99991228,   0.00930391,  -0.00942680,  -0.00920849,   0.99990644,   0.01011522,   0.00952003,  -0.01002753,   0.99990440],
[  0.99990956,   0.00944236,  -0.00957677,  -0.00934452,   0.99990421,   0.01021043,   0.00967226,  -0.01012002,   0.99990201],
[  0.99990677,   0.00958226,  -0.00972745,  -0.00948195,   0.99990193,   0.01030630,   0.00982525,  -0.01021310,   0.99989957],
[  0.99990393,   0.00972361,  -0.00987884,  -0.00962079,   0.99989961,   0.01040283,   0.00997900,  -0.01030678,   0.99989709],
[  0.99990101,   0.00986641,  -0.01003092,  -0.00976103,   0.99989723,   0.01050001,   0.01013349,  -0.01040106,   0.99989456],
[  0.99989803,   0.01001067,  -0.01018369,  -0.00990270,   0.99989481,   0.01059787,   0.01028871,  -0.01049594,   0.99989198],
[  0.99989499,   0.01015639,  -0.01033713,  -0.01004578,   0.99989233,   0.01069639,   0.01044466,  -0.01059142,   0.99988936],
[  0.99989188,   0.01030359,  -0.01049124,  -0.01019030,   0.99988980,   0.01079558,   0.01060132,  -0.01068750,   0.99988669],
[  0.99988870,   0.01045226,  -0.01064601,  -0.01033624,   0.99988722,   0.01089544,   0.01075869,  -0.01078419,   0.99988397],
[  0.99988545,   0.01060242,  -0.01080142,  -0.01048362,   0.99988458,   0.01099598,   0.01091675,  -0.01088148,   0.99988120],
[  0.99988214,   0.01075406,  -0.01095746,  -0.01063245,   0.99988189,   0.01109719,   0.01107551,  -0.01097937,   0.99987839],
[  0.99987875,   0.01090720,  -0.01111413,  -0.01078272,   0.99987915,   0.01119907,   0.01123493,  -0.01107788,   0.99987552],
[  0.99987529,   0.01106183,  -0.01127141,  -0.01093444,   0.99987635,   0.01130164,   0.01139503,  -0.01117698,   0.99987261],
[  0.99987176,   0.01121797,  -0.01142929,  -0.01108762,   0.99987349,   0.01140489,   0.01155579,  -0.01127670,   0.99986964],
[  0.99986815,   0.01137561,  -0.01158777,  -0.01124226,   0.99987057,   0.01150882,   0.01171719,  -0.01137703,   0.99986663],
[  0.99986447,   0.01153477,  -0.01174683,  -0.01139836,   0.99986759,   0.01161343,   0.01187923,  -0.01147797,   0.99986356],
[  0.99986072,   0.01169544,  -0.01190646,  -0.01155594,   0.99986456,   0.01171874,   0.01204190,  -0.01157952,   0.99986044],
[  0.99985689,   0.01185764,  -0.01206665,  -0.01171499,   0.99986146,   0.01182473,   0.01220519,  -0.01168168,   0.99985728],
[  0.99985298,   0.01202136,  -0.01222739,  -0.01187551,   0.99985830,   0.01193141,   0.01236909,  -0.01178445,   0.99985406],
[  0.99984899,   0.01218661,  -0.01238867,  -0.01203752,   0.99985507,   0.01203879,   0.01253358,  -0.01188784,   0.99985078],
[  0.99984493,   0.01235340,  -0.01255047,  -0.01220102,   0.99985178,   0.01214686,   0.01269867,  -0.01199184,   0.99984746],
[  0.99984078,   0.01252173,  -0.01271280,  -0.01236600,   0.99984843,   0.01225562,   0.01286433,  -0.01209646,   0.99984408],
[  0.99983656,   0.01269161,  -0.01287563,  -0.01253248,   0.99984501,   0.01236509,   0.01303056,  -0.01220170,   0.99984065],
[  0.99983225,   0.01286303,  -0.01303895,  -0.01270046,   0.99984152,   0.01247525,   0.01319735,  -0.01230755,   0.99983716],
[  0.99982786,   0.01303601,  -0.01320275,  -0.01286994,   0.99983796,   0.01258611,   0.01336469,  -0.01241403,   0.99983362],
[  0.99982339,   0.01321054,  -0.01336703,  -0.01304093,   0.99983434,   0.01269768,   0.01353256,  -0.01252112,   0.99983003],
[  0.99981883,   0.01338663,  -0.01353177,  -0.01321342,   0.99983064,   0.01280995,   0.01370096,  -0.01262883,   0.99982638],
[  0.99981418,   0.01356429,  -0.01369696,  -0.01338742,   0.99982687,   0.01292293,   0.01386988,  -0.01273716,   0.99982268],
[  0.99980945,   0.01374352,  -0.01386258,  -0.01356295,   0.99982303,   0.01303661,   0.01403930,  -0.01284611,   0.99981892],
